1674002356329 4221464.0 0
1674002370766 3210812.0 1
1674002383816 3684002.0 2
1674002395614 3679543.0 3
1674002406485 2562463.0 4
1674002422747 1349274.0 5
1674002437031 1319150.0 6
1674002450956 1414244.0 7
1674002462418 1395470.0 8
1674002474238 1538844.0 9
1674002485131 1433818.0 10
1674002496842 1507056.0 11
1674002507525 1554782.0 12
1674002519115 1692696.0 13
1674002530554 1581792.0 14
1674002541560 1456530.0 15
1674002552949 530104.0 16
1674002567180 554652.0 17
1674002578909 547304.0 18
1674002589479 556396.0 19
1674002602151 550656.0 20
1674002613844 521968.0 21
1674002628110 520408.0 22
1674002640874 531524.0 23
1674002652495 510164.0 24
1674002665828 517332.0 25
1674002677484 502852.0 26
1674002690075 484536.0 27
1674002703817 507004.0 28
1674002714532 479200.0 29
1674002728400 503328.0 30
1674002738825 519228.0 31
1674002750810 511412.0 32
1674002762379 532752.0 33
1674002773161 479796.0 34
1674002785953 476616.0 35
1674002800211 490000.0 36
1674002812484 462284.0 37
1674002825362 473820.0 38
1674002837150 469816.0 39
1674002847926 501540.0 40
1674002859433 488312.0 41
1674002870904 464360.0 42
1674002882463 476024.0 43
1674002893890 456592.0 44
1674002907612 472852.0 45
1674002918258 469508.0 46
1674002929917 485440.0 47
1674002941725 461408.0 48
1674002953345 480456.0 49
1674002965005 471752.0 50
1674002975217 478644.0 51
1674002986809 498492.0 52
1674002997813 450580.0 53
1674003011760 460036.0 54
1674003023999 471492.0 55
1674003036313 476964.0 56
1674003048645 478428.0 57
1674003059988 452528.0 58
1674003071337 462584.0 59
1674003082381 439484.0 60
1674003096252 468096.0 61
1674003107971 436040.0 62
1674003121758 457992.0 63
1674003133299 478452.0 64
1674003144845 450764.0 65
1674003155543 456552.0 66
1674003167173 423904.0 67
1674003179679 441560.0 68
1674003191151 439320.0 69
1674003203202 433656.0 70
1674003216086 447196.0 71
1674003227534 436488.0 72
1674003239404 453820.0 73
1674003250805 440492.0 74
1674003262203 445300.0 75
1674003273985 440916.0 76
1674003285161 449344.0 77
1674003296396 437552.0 78
1674003307556 450896.0 79
1674003318783 432896.0 80
1674003329154 410736.0 81
1674003343649 441000.0 82
1674003353939 451848.0 83
1674003365180 413056.0 84
1674003376789 426988.0 85
1674003388288 325856.0 86
1674003402453 41544.0 87
1674003417117 40256.0 88
1674003429936 44024.0 89
1674003441270 42480.0 90
1674003452711 42992.0 91
1674003463914 41392.0 92
1674003475224 41672.0 93
1674003485357 43768.0 94
1674003496848 43064.0 95
1674003507102 40696.0 96
1674003518270 40120.0 97
1674003531285 39312.0 98
1674003545121 40880.0 99
1674003555535 39880.0 100
1674003566609 40112.0 101
1674003577873 37560.0 102
1674003591498 38152.0 103
1674003602951 38376.0 104
1674003613772 39168.0 105
1674003625976 37008.0 106
1674003639984 37864.0 107
1674003651842 40608.0 108
1674003662293 35824.0 109
1674003675878 34832.0 110
1674003688459 37880.0 111
1674003699789 36488.0 112
1674003710173 37360.0 113
1674003721368 36896.0 114
1674003732680 36744.0 115
1674003744148 37520.0 116
1674003755754 34056.0 117
1674003768490 37112.0 118
1674003779831 36560.0 119
1674003790019 35920.0 120
1674003802028 36656.0 121
1674003814185 35800.0 122
1674003826040 35272.0 123
1674003837074 34856.0 124
1674003848034 35824.0 125
1674003859264 32808.0 126
1674003873438 35624.0 127
1674003884915 33936.0 128
1674003895287 34936.0 129
1674003906564 34968.0 130
1674003916752 32992.0 131
1674003927813 33568.0 132
1674003938952 34704.0 133
1674003950158 32704.0 134
1674003963683 32496.0 135
1674003976926 31936.0 136
1674003990896 34624.0 137
1674004001733 34352.0 138
1674004013723 32504.0 139
1674004024834 32352.0 140
1674004036558 31344.0 141
1674004048977 33704.0 142
1674004059949 33640.0 143
1674004070474 30272.0 144
1674004084038 30464.0 145
1674004094549 29752.0 146
1674004108376 33328.0 147
1674004118970 32112.0 148
1674004129698 30984.0 149
