1674001380059 9309651.0 0
1674001395936 7892349.0 1
1674001411707 3673070.0 2
1674001427400 3797364.0 3
1674001441979 3962424.0 4
1674001456493 3857970.0 5
1674001470919 2992940.0 6
1674001486268 2725904.0 7
1674001501655 2770756.0 8
1674001516174 2767624.0 9
1674001530616 2828156.0 10
1674001545003 2770356.0 11
1674001559419 2704168.0 12
1674001574811 2739616.0 13
1674001589234 2761840.0 14
1674001603642 2757924.0 15
1674001618033 2675984.0 16
1674001633533 2705916.0 17
1674001647895 1474020.0 18
1674001663290 120984.0 19
1674001678696 116240.0 20
1674001694202 116080.0 21
1674001709542 113536.0 22
1674001724932 112360.0 23
1674001740295 109560.0 24
1674001755653 106864.0 25
1674001770961 107608.0 26
1674001785343 105456.0 27
1674001801044 104736.0 28
1674001816448 102304.0 29
1674001831891 99712.0 30
1674001847294 99792.0 31
1674001861725 97240.0 32
1674001877039 95616.0 33
1674001892478 91568.0 34
1674001907860 93200.0 35
1674001922288 90560.0 36
1674001937622 90760.0 37
1674001951975 87312.0 38
1674001967258 87136.0 39
1674001982580 85736.0 40
1674001998008 83048.0 41
1674002013453 84112.0 42
1674002027737 83480.0 43
1674002042238 80680.0 44
1674002057895 82280.0 45
1674002072350 78872.0 46
1674002087748 78240.0 47
1674002103080 77160.0 48
1674002118379 75272.0 49
1674002133662 75224.0 50
1674002148982 73440.0 51
1674002164279 74224.0 52
1674002178640 73136.0 53
1674002194058 71128.0 54
1674002209416 68784.0 55
1674002224771 69160.0 56
1674002239069 67800.0 57
1674002254375 63120.0 58
1674002269678 64272.0 59
1674002286091 67216.0 60
1674002301998 62640.0 61
1674002317519 62816.0 62
1674002332160 60512.0 63
1674002349683 60672.0 64
1674002373137 58464.0 65
1674002400404 57824.0 66
1674002424463 59608.0 67
1674002450002 56856.0 68
1674002476637 54336.0 69
1674002503245 51840.0 70
1674002530142 50576.0 71
1674002555572 52344.0 72
1674002581068 50352.0 73
1674002608231 50280.0 74
1674002633847 48008.0 75
1674002659356 47064.0 76
1674002685047 47032.0 77
1674002710886 45920.0 78
1674002736726 45616.0 79
1674002762985 43560.0 80
1674002789551 45504.0 81
1674002814493 43328.0 82
1674002841035 41864.0 83
1674002867148 41944.0 84
1674002891945 43040.0 85
1674002916618 40592.0 86
1674002942877 41432.0 87
1674002967446 38064.0 88
1674002993981 36448.0 89
1674003019396 37632.0 90
1674003045988 36720.0 91
1674003070743 35920.0 92
1674003096080 36496.0 93
1674003120262 36056.0 94
1674003145095 35728.0 95
1674003170146 33104.0 96
1674003196875 34424.0 97
1674003222926 31216.0 98
1674003249639 32888.0 99
1674003274797 31632.0 100
1674003299686 31928.0 101
1674003324716 30344.0 102
1674003350597 29640.0 103
1674003377400 28896.0 104
1674003403261 29424.0 105
1674003426226 27568.0 106
1674003452421 28752.0 107
1674003477425 26832.0 108
1674003503339 26136.0 109
1674003528875 26072.0 110
1674003554110 25736.0 111
1674003579362 27016.0 112
1674003604274 24936.0 113
1674003630713 23296.0 114
1674003658086 22984.0 115
1674003682677 22304.0 116
1674003708834 20896.0 117
1674003735014 21304.0 118
1674003758784 20256.0 119
1674003785620 18904.0 120
1674003812856 20592.0 121
1674003838365 18888.0 122
1674003863907 19736.0 123
1674003888984 17512.0 124
1674003915188 16720.0 125
1674003941280 16792.0 126
1674003964691 16600.0 127
1674003990881 14896.0 128
1674004018166 15112.0 129
1674004041257 14504.0 130
1674004067634 12120.0 131
1674004092945 11952.0 132
1674004118188 11792.0 133
1674004138593 11656.0 134
1674004153874 11560.0 135
1674004169199 10464.0 136
1674004184084 9640.0 137
1674004199477 9208.0 138
1674004216087 8440.0 139
1674004235577 7648.0 140
1674004252210 7168.0 141
1674004269206 6464.0 142
1674004284138 5576.0 143
1674004299145 5808.0 144
1674004313069 5264.0 145
1674004327992 4792.0 146
1674004342862 4128.0 147
1674004357788 3816.0 148
1674004372689 3904.0 149
