1673896205108 35736.5546875 0
1673896205140 26819.76953125 1
1673896205171 24149.90234375 2
1673896205202 32527.125 3
1673896205218 20900.8359375 4
1673896205249 28625.109375 5
1673896205280 27149.328125 6
1673896205312 18267.359375 7
1673896205343 25518.15625 8
1673896205358 25275.703125 9
1673896205390 23939.125 10
1673896205421 16208.75 11
1673896205452 22905.90625 12
1673896205468 15615.1875 13
1673896205499 22234.53125 14
1673896205530 21915.09375 15
1673896205562 21828.3125 16
1673896205577 14826.5625 17
1673896205608 14323.34375 18
1673896205640 20742.03125 19
1673896205671 14041.25 20
1673896205686 13890.59375 21
1673896205718 20097.78125 22
1673896205749 19553.0 23
1673896205780 19423.875 24
1673896205796 13436.9375 25
1673896205827 19122.25 26
1673896205858 19189.5625 27
1673896205890 19567.0 28
1673896205923 18784.5625 29
1673896205938 18711.625 30
1673896205969 18647.3125 31
1673896206000 12866.5625 32
1673896206016 18506.6875 33
1673896206047 12719.1875 34
1673896206078 18318.375 35
1673896206109 18052.875 36
1673896206125 18007.75 37
1673896206156 12557.875 38
1673896206172 12297.125 39
1673896206203 17689.25 40
1673896206234 12187.8125 41
1673896206266 12218.25 42
1673896206281 17733.9375 43
1673896206313 17393.3125 44
1673896206328 17487.8125 45
1673896206366 17435.3125 46
1673896206382 17220.625 47
1673896206413 17150.0625 48
1673896206444 17042.0 49
1673896206475 11889.625 50
1673896206492 17009.0 51
1673896206523 16940.75 52
1673896206555 11631.625 53
1673896206570 17221.0 54
1673896206601 16693.625 55
1673896206633 16412.125 56
1673896206648 16377.875 57
1673896206679 16156.0 58
1673896206695 16423.25 59
1673896206726 11300.25 60
1673896206758 16255.5 61
1673896206773 11213.5 62
1673896206804 16163.0 63
1673896206820 15944.375 64
1673896206851 11101.125 65
1673896206883 16122.0 66
1673896206902 11075.875 67
1673896206933 10950.25 68
1673896206965 11092.625 69
1673896206980 11132.875 70
1673896207011 16271.125 71
1673896207028 11005.125 72
1673896207059 15964.375 73
1673896207075 10849.125 74
1673896207106 15791.0 75
1673896207122 15720.875 76
1673896207153 10720.625 77
1673896207184 15523.25 78
1673896207200 10809.0 79
1673896207231 10690.5 80
1673896207247 15638.625 81
1673896207278 15516.75 82
1673896207309 15374.625 83
1673896207325 15262.625 84
1673896207356 15534.875 85
1673896207372 10522.375 86
1673896207403 15312.375 87
1673896207434 15665.5 88
1673896207450 10711.125 89
1673896207481 15323.5 90
1673896207512 15330.5 91
1673896207528 15027.5 92
1673896207559 10506.375 93
1673896207575 10393.875 94
1673896207606 10468.375 95
1673896207637 10440.375 96
1673896207653 10369.0 97
1673896207684 15051.5 98
1673896207715 14852.5 99
1673896207731 14919.375 100
1673896207762 10393.125 101
1673896207778 14962.75 102
1673896207809 10442.5 103
1673896207825 10174.625 104
1673896207856 14780.5 105
1673896207887 14881.25 106
1673896207903 14734.5 107
1673896207934 14714.25 108
1673896207950 10075.125 109
1673896207981 14822.5 110
1673896208012 10123.5 111
1673896208028 14583.125 112
1673896208059 10229.875 113
1673896208075 10201.625 114
1673896208106 14541.125 115
1673896208137 14584.875 116
1673896208153 10057.875 117
1673896208184 10176.75 118
1673896208200 14645.75 119
1673896208231 10008.125 120
1673896208262 9895.625 121
1673896208278 9918.5 122
1673896208309 10117.125 123
1673896208325 9989.25 124
1673896208356 9908.125 125
1673896208371 14339.0 126
1673896208403 10049.0 127
1673896208418 9881.5 128
1673896208449 9864.625 129
1673896208481 10046.25 130
1673896208496 14407.875 131
1673896208528 9900.0 132
1673896208543 9981.75 133
1673896208574 9801.625 134
1673896208590 14180.875 135
1673896208621 9877.875 136
1673896208637 14076.25 137
1673896208668 9558.75 138
1673896208699 13890.5 139
1673896208731 13946.75 140
1673896208746 9615.75 141
1673896208778 9458.75 142
1673896208809 9440.75 143
1673896208824 13852.25 144
1673896208856 9490.5 145
1673896208887 13613.25 146
1673896208903 13770.5 147
1673896208934 9479.25 148
1673896208949 9343.25 149
