1674047698036 6270350.5 0
1674047709512 5835830.5 1
1674047720714 5002949.0 2
1674047731822 1916558.0 3
1674047742934 2035128.0 4
1674047752565 2105868.0 5
1674047762227 2096988.0 6
1674047771810 2090332.0 7
1674047782852 2020916.0 8
1674047794081 2048966.0 9
1674047803632 2020280.0 10
1674047813194 1364082.0 11
1674047824405 1405332.0 12
1674047833898 1534680.0 13
1674047843283 1634344.0 14
1674047852833 1634384.0 15
1674047862355 1592836.0 16
1674047871883 1656188.0 17
1674047881388 1624268.0 18
1674047890923 1637804.0 19
1674047900441 1632748.0 20
1674047909883 1603232.0 21
1674047919411 1641780.0 22
1674047928919 1572852.0 23
1674047938337 1549716.0 24
1674047947795 1580676.0 25
1674047957204 1547780.0 26
1674047966669 1551868.0 27
1674047976133 1514520.0 28
1674047985590 1479380.0 29
1674047994959 1501896.0 30
1674048004419 1486856.0 31
1674048013905 951028.0 32
1674048026081 87032.0 33
1674048037421 87408.0 34
1674048046846 85656.0 35
1674048057413 85992.0 36
1674048067428 85040.0 37
1674048078658 87056.0 38
1674048088048 85272.0 39
1674048097372 84904.0 40
1674048108723 86544.0 41
1674048118161 86504.0 42
1674048127743 86160.0 43
1674048137052 83720.0 44
1674048148032 84600.0 45
1674048157392 85800.0 46
1674048166957 82656.0 47
1674048177955 82096.0 48
1674048188749 85184.0 49
1674048198810 83752.0 50
1674048209585 81472.0 51
1674048220404 85032.0 52
1674048229751 83008.0 53
1674048239146 83256.0 54
1674048248510 82736.0 55
1674048257896 81896.0 56
1674048267262 80208.0 57
1674048278172 83408.0 58
1674048287442 80672.0 59
1674048296668 81016.0 60
1674048305966 81416.0 61
1674048315240 82448.0 62
1674048324546 79824.0 63
1674048336605 80352.0 64
1674048345886 82560.0 65
1674048355411 81160.0 66
1674048364727 82048.0 67
1674048374139 79904.0 68
1674048384872 82368.0 69
1674048394955 79552.0 70
1674048405821 78400.0 71
1674048416516 80536.0 72
1674048425783 79320.0 73
1674048435177 80960.0 74
1674048444123 78320.0 75
1674048454959 82312.0 76
1674048464207 80200.0 77
1674048473632 79664.0 78
1674048482875 80504.0 79
1674048492117 79240.0 80
1674048501398 77480.0 81
1674048512245 79632.0 82
1674048521501 77296.0 83
1674048532445 78408.0 84
1674048541859 78784.0 85
1674048550968 76864.0 86
1674048562272 77712.0 87
1674048571600 78816.0 88
1674048580687 75744.0 89
1674048591653 75840.0 90
1674048600835 78304.0 91
1674048610301 76128.0 92
1674048620850 78672.0 93
1674048631389 75344.0 94
1674048642190 75584.0 95
1674048651337 78232.0 96
1674048660739 76872.0 97
1674048669948 74352.0 98
1674048680771 75704.0 99
1674048689967 76224.0 100
1674048698900 74280.0 101
1674048709752 74800.0 102
1674048718939 74968.0 103
1674048728403 74520.0 104
1674048738121 73944.0 105
1674048748929 73360.0 106
1674048759557 72824.0 107
1674048770219 74976.0 108
1674048779465 73312.0 109
1674048788573 72456.0 110
1674048800211 72912.0 111
1674048810730 73576.0 112
1674048820185 72456.0 113
1674048830763 71928.0 114
1674048841465 71096.0 115
1674048852072 73096.0 116
1674048861294 72616.0 117
1674048870344 69112.0 118
1674048881930 70048.0 119
1674048891094 70616.0 120
1674048900369 67800.0 121
1674048911216 72216.0 122
1674048920283 70080.0 123
1674048929344 70480.0 124
1674048938370 69464.0 125
1674048947744 66816.0 126
1674048958517 69656.0 127
1674048967700 67304.0 128
1674048977048 68696.0 129
1674048987558 66832.0 130
1674048997376 66856.0 131
1674049006496 67256.0 132
1674049015644 68864.0 133
1674049024760 64736.0 134
1674049035480 64976.0 135
1674049044626 65832.0 136
1674049053473 65888.0 137
1674049062772 68400.0 138
1674049071880 65008.0 139
1674049080967 65672.0 140
1674049090121 64520.0 141
1674049100859 64656.0 142
1674049109957 66696.0 143
1674049119046 66344.0 144
1674049128089 64984.0 145
1674049137161 64368.0 146
1674049147895 62448.0 147
1674049158426 62144.0 148
1674049168966 62576.0 149
