1673951915396 6970185.0 0
1673951934296 6754618.0 1
1673951952020 4238307.0 2
1673951971928 2133386.0 3
1673951991842 2267630.0 4
1673952008422 2424106.0 5
1673952025042 2502844.0 6
1673952041753 2511620.0 7
1673952056828 2609480.0 8
1673952073404 2044420.0 9
1673952093686 1729756.0 10
1673952113596 1718808.0 11
1673952131200 1891028.0 12
1673952147857 1952736.0 13
1673952164512 2013624.0 14
1673952181054 2054808.0 15
1673952198049 2029868.0 16
1673952215878 2041888.0 17
1673952233049 2036732.0 18
1673952249534 2058592.0 19
1673952264536 2091044.0 20
1673952281335 2052924.0 21
1673952297704 2038184.0 22
1673952312658 2067884.0 23
1673952331058 1970420.0 24
1673952347199 2089140.0 25
1673952363968 828952.0 26
1673952382379 22424.0 27
1673952401006 21904.0 28
1673952419679 22104.0 29
1673952436578 22032.0 30
1673952453411 22104.0 31
1673952470958 23040.0 32
1673952486117 22168.0 33
1673952502631 21032.0 34
1673952521177 22368.0 35
1673952537875 22840.0 36
1673952554532 21640.0 37
1673952572794 21896.0 38
1673952589739 23064.0 39
1673952606386 20728.0 40
1673952624926 22464.0 41
1673952641459 23320.0 42
1673952657935 20568.0 43
1673952676370 22360.0 44
1673952692927 22376.0 45
1673952709340 21208.0 46
1673952725769 21984.0 47
1673952741938 22184.0 48
1673952758426 21184.0 49
1673952774613 23432.0 50
1673952791305 22080.0 51
1673952807820 21984.0 52
1673952823007 21984.0 53
1673952839313 22704.0 54
1673952854296 21232.0 55
1673952870639 23192.0 56
1673952887164 23184.0 57
1673952903443 22880.0 58
1673952919703 22872.0 59
1673952934827 22288.0 60
1673952951801 23984.0 61
1673952969777 23000.0 62
1673952986260 21616.0 63
1673953001865 22848.0 64
1673953017992 21656.0 65
1673953033098 22760.0 66
1673953051042 24392.0 67
1673953068620 23880.0 68
