1673896283772 75516.5078125 0
1673896283812 54010.6484375 1
1673896283843 47786.984375 2
1673896283890 41992.78125 3
1673896283921 39877.703125 4
1673896283968 36391.71875 5
1673896284010 34638.53125 6
1673896284049 33257.75 7
1673896284081 32037.6875 8
1673896284128 31599.71875 9
1673896284159 30707.5 10
1673896284206 29638.4375 11
1673896284245 29252.3125 12
1673896284277 28905.65625 13
1673896284308 28076.0 14
1673896284355 27981.3125 15
1673896284386 27608.3125 16
1673896284433 27109.3125 17
1673896284468 27363.5625 18
1673896284501 18457.0 19
1673896284552 26360.75 20
1673896284584 26225.0 21
1673896284615 26192.25 22
1673896284646 17865.5625 23
1673896284702 25902.3125 24
1673896284726 25898.6875 25
1673896284757 17615.25 26
1673896284804 25281.375 27
1673896284835 17527.0625 28
1673896284868 17371.1875 29
1673896284909 25087.375 30
1673896284941 24771.5 31
1673896284972 17116.5625 32
1673896285004 24903.75 33
1673896285051 24393.3125 34
1673896285082 23940.875 35
1673896285119 23888.625 36
1673896285148 23864.125 37
1673896285180 23399.5 38
1673896285211 24086.375 39
1673896285258 23498.25 40
1673896285289 23304.75 41
1673896285320 23285.75 42
1673896285361 23714.5 43
1673896285393 23149.875 44
1673896285432 23364.5 45
1673896285464 23412.375 46
1673896285495 22838.5 47
1673896285532 23100.0 48
1673896285576 22753.25 49
1673896285600 23066.0 50
1673896285631 15657.25 51
1673896285678 22926.0 52
1673896285709 15606.75 53
1673896285745 22658.625 54
1673896285789 22975.625 55
1673896285820 22497.75 56
1673896285851 22497.125 57
1673896285883 22731.25 58
1673896285914 15345.125 59
1673896285950 22534.125 60
1673896285989 22093.875 61
1673896286021 22171.625 62
1673896286068 22166.75 63
1673896286099 22109.75 64
1673896286131 22197.875 65
1673896286165 22337.5 66
1673896286213 22170.5 67
1673896286237 21809.0 68
1673896286268 15139.0 69
1673896286315 22065.5 70
1673896286346 21875.5 71
1673896286380 21827.5 72
1673896286420 21599.25 73
1673896286451 15112.625 74
1673896286483 14868.25 75
1673896286514 21686.0 76
1673896286561 21435.375 77
1673896286594 14779.875 78
1673896286627 14841.5 79
1673896286667 21547.125 80
1673896286698 21411.75 81
1673896286730 21266.375 82
1673896286761 21199.375 83
1673896286792 14736.125 84
1673896286829 14480.25 85
1673896286876 21063.75 86
1673896286900 14494.5 87
1673896286947 21129.5 88
1673896286978 20623.0 89
1673896287009 20812.5 90
1673896287043 20910.5 91
1673896287067 20919.0 92
1673896287098 20926.75 93
1673896287145 20865.0 94
1673896287176 20939.5 95
1673896287210 14253.0 96
1673896287244 20885.5 97
1673896287284 20450.25 98
1673896287325 20579.75 99
1673896287356 20667.25 100
1673896287387 14320.25 101
1673896287428 20553.25 102
1673896287460 20683.0 103
1673896287484 14299.5 104
1673896287515 20536.75 105
1673896287547 14196.5 106
1673896287578 14030.0 107
1673896287625 13921.25 108
1673896287664 20482.0 109
1673896287703 20330.5 110
1673896287735 20476.75 111
1673896287766 20329.5 112
1673896287797 20213.25 113
1673896287828 20260.75 114
1673896287867 20307.75 115
1673896287897 20134.0 116
1673896287929 13880.25 117
1673896287961 20795.0 118
1673896287992 13880.5 119
1673896288023 13922.5 120
1673896288054 19870.5 121
1673896288096 20459.5 122
1673896288130 20356.75 123
1673896288162 20340.75 124
1673896288193 19907.0 125
1673896288225 13882.75 126
1673896288256 13920.5 127
1673896288293 20414.5 128
1673896288325 20123.0 129
1673896288356 13684.25 130
1673896288388 19943.5 131
1673896288419 20267.75 132
1673896288450 20006.0 133
1673896288497 19777.0 134
1673896288527 20329.5 135
1673896288567 19746.75 136
1673896288598 20065.0 137
1673896288630 19738.25 138
1673896288670 19946.0 139
1673896288710 19857.0 140
1673896288743 19989.25 141
1673896288776 13555.5 142
1673896288807 13735.25 143
1673896288838 19871.5 144
1673896288869 19745.75 145
1673896288901 19692.25 146
1673896288939 19678.0 147
1673896288971 19481.0 148
1673896289002 19760.75 149
