1673893449728 50660.07421875 0
1673893449774 88042.92578125 1
1673893449806 36194.140625 2
1673893449853 69000.34375 3
1673893449899 64656.171875 4
1673893449931 61140.0 5
1673893449977 58210.6875 6
1673893450009 56212.03125 7
1673893450056 27042.09375 8
1673893450087 51970.90625 9
1673893450138 51452.25 10
1673893450169 24591.5625 11
1673893450216 49305.6875 12
1673893450263 48488.375 13
1673893450294 23987.625 14
1673893450342 47892.8125 15
1673893450378 46891.875 16
1673893450425 46946.3125 17
1673893450471 46771.9375 18
1673893450503 46317.4375 19
1673893450550 23053.125 20
1673893450596 23319.25 21
1673893450628 45506.375 22
1673893450675 22840.5 23
1673893450712 22497.0 24
1673893450759 44933.75 25
1673893450801 22375.0 26
1673893450847 44435.125 27
1673893450879 22402.25 28
1673893450926 22235.0 29
1673893450957 44091.5 30
1673893451005 43710.625 31
1673893451036 21889.125 32
1673893451083 43610.25 33
1673893451130 21953.625 34
1673893451161 42999.5 35
1673893451208 21600.25 36
1673893451239 43359.5 37
1673893451286 42915.5 38
1673893451317 42972.75 39
1673893451364 43005.0 40
1673893451395 21390.25 41
1673893451442 21371.625 42
1673893451493 21356.75 43
1673893451524 21484.375 44
1673893451571 21248.875 45
1673893451618 21233.875 46
1673893451649 21206.5 47
1673893451697 42116.25 48
1673893451744 21855.375 49
1673893451775 41934.0 50
1673893451806 20893.125 51
1673893451853 42018.5 52
1673893451900 21340.75 53
1673893451931 41758.0 54
1673893451978 20619.0 55
1673893452009 20556.0 56
1673893452056 41175.5 57
1673893452103 20463.0 58
1673893452134 40657.0 59
1673893452181 20069.75 60
1673893452228 20327.5 61
1673893452259 20345.25 62
1673893452306 20079.75 63
1673893452337 40636.0 64
1673893452384 20297.25 65
1673893452415 40470.5 66
1673893452462 40052.75 67
1673893452493 20291.5 68
1673893452540 20086.75 69
1673893452572 20224.5 70
1673893452618 20173.5 71
1673893452650 20278.0 72
1673893452697 39917.25 73
1673893452728 20156.0 74
1673893452775 40178.75 75
1673893452806 40024.75 76
1673893452847 39864.75 77
1673893452879 19980.5 78
1673893452926 19926.0 79
1673893452972 19766.5 80
1673893453019 19729.25 81
1673893453067 19752.5 82
1673893453098 19798.75 83
1673893453145 39959.75 84
1673893453176 19705.0 85
1673893453223 19743.5 86
1673893453254 19878.5 87
1673893453301 39108.75 88
1673893453333 39692.75 89
1673893453379 19788.25 90
1673893453411 19818.5 91
1673893453442 39191.25 92
1673893453489 19921.75 93
1673893453520 19941.0 94
1673893453567 19519.5 95
1673893453614 39119.75 96
1673893453645 19670.0 97
1673893453676 39174.5 98
1673893453723 19414.5 99
1673893453770 38863.0 100
1673893453801 19296.75 101
1673893453848 38814.25 102
1673893453879 39077.0 103
1673893453926 39171.0 104
1673893453957 19435.5 105
1673893454005 38814.0 106
1673893454037 38341.0 107
1673893454083 38753.0 108
1673893454115 38621.25 109
1673893454146 19255.25 110
1673893454197 19438.5 111
1673893454228 38401.75 112
1673893454275 19179.5 113
1673893454322 38347.25 114
1673893454353 38584.75 115
1673893454384 19364.0 116
1673893454431 19190.5 117
1673893454462 19344.75 118
1673893454509 37951.25 119
1673893454540 19186.25 120
1673893454572 19276.0 121
1673893454618 18935.5 122
1673893454651 38357.25 123
1673893454697 19192.75 124
1673893454729 19078.25 125
1673893454776 38373.25 126
1673893454807 18927.5 127
1673893454854 19058.25 128
1673893454885 19153.25 129
1673893454932 19060.0 130
1673893454963 37866.75 131
1673893455010 35850.0 132
1673893455041 17449.5 133
1673893455088 34740.0 134
1673893455119 35094.5 135
1673893455166 17516.5 136
1673893455197 34635.5 137
1673893455244 34484.0 138
1673893455275 17252.5 139
1673893455322 17332.5 140
1673893455354 35093.5 141
1673893455400 34625.5 142
1673893455432 17389.0 143
1673893455479 34486.5 144
1673893455510 17245.0 145
1673893455557 17251.0 146
1673893455601 34585.0 147
1673893455632 17413.0 148
1673893455679 17375.5 149
