1673896123434 97664.8984375 0
1673896123466 68620.4140625 1
1673896123512 62023.078125 2
1673896123544 57326.734375 3
1673896123579 54673.53125 4
1673896123610 52619.59375 5
1673896123657 51211.40625 6
1673896123689 50587.875 7
1673896123720 49473.78125 8
1673896123767 49147.8125 9
1673896123798 48353.75 10
1673896123836 47827.375 11
1673896123871 47670.1875 12
1673896123918 47493.625 13
1673896123949 47102.6875 14
1673896123996 47022.75 15
1673896124027 46760.0 16
1673896124074 46432.375 17
1673896124106 46575.8125 18
1673896124137 46830.8125 19
1673896124184 46560.5 20
1673896124215 46036.75 21
1673896124246 45739.625 22
1673896124302 45329.25 23
1673896124333 45249.375 24
1673896124380 45068.5 25
1673896124412 44839.875 26
1673896124458 44660.25 27
1673896124504 44881.75 28
1673896124536 44569.5 29
1673896124583 44561.75 30
1673896124630 44491.5 31
1673896124657 44531.25 32
1673896124704 44406.375 33
1673896124735 44351.75 34
1673896124787 44457.125 35
1673896124818 44328.875 36
1673896124865 44328.625 37
1673896124897 44200.25 38
1673896124933 44091.5 39
1673896124980 44209.75 40
1673896125011 43897.625 41
1673896125059 44085.0 42
1673896125090 40739.25 43
1673896125137 40600.5 44
1673896125169 40508.25 45
1673896125216 40583.25 46
1673896125247 40743.0 47
1673896125278 40527.25 48
1673896125325 40634.25 49
1673896125357 40698.25 50
1673896125403 40653.25 51
1673896125435 40555.75 52
1673896125466 40464.5 53
1673896125513 40576.5 54
1673896125544 40358.75 55
1673896125591 40277.5 56
1673896125622 40452.25 57
1673896125669 40376.25 58
1673896125700 40277.5 59
1673896125731 40233.75 60
1673896125778 27796.25 61
1673896125810 40236.5 62
1673896125841 40369.5 63
1673896125888 40238.5 64
1673896125919 27733.5 65
1673896125950 40351.25 66
1673896125997 27673.0 67
1673896126028 40114.25 68
1673896126075 40272.5 69
1673896126106 40219.5 70
1673896126138 40150.5 71
1673896126184 40066.0 72
1673896126216 40105.5 73
1673896126247 40135.75 74
1673896126287 40140.5 75
1673896126318 39932.25 76
1673896126350 40180.75 77
1673896126397 40098.5 78
1673896126429 40236.75 79
1673896126460 40112.0 80
1673896126491 39905.0 81
1673896126538 39730.25 82
1673896126569 39706.25 83
1673896126616 39987.0 84
1673896126647 39846.25 85
1673896126679 39807.75 86
1673896126725 39687.25 87
1673896126757 39813.5 88
1673896126788 39749.75 89
1673896126819 39625.5 90
1673896126850 39769.25 91
1673896126897 39687.0 92
