1673893148861 51429.9375 0
1673893148908 45246.1171875 1
1673893148955 83244.6328125 2
1673893148986 75415.375 3
1673893149033 70219.1875 4
1673893149080 32921.96875 5
1673893149111 63712.75 6
1673893149158 62319.0 7
1673893149205 30519.125 8
1673893149252 29880.90625 9
1673893149298 29918.8125 10
1673893149330 28784.625 11
1673893149377 29174.0625 12
1673893149417 57663.9375 13
1673893149464 29047.5 14
1673893149495 57692.25 15
1673893149542 28318.1875 16
1673893149589 28326.375 17
1673893149636 57354.625 18
1673893149682 28112.75 19
1673893149714 28478.0 20
1673893149761 28767.0625 21
1673893149808 28268.8125 22
1673893149840 56650.125 23
1673893149886 28079.625 24
1673893149933 28151.25 25
1673893149964 28046.125 26
1673893150028 27882.75 27
1673893150060 28356.0 28
1673893150107 28252.125 29
1673893150153 55708.375 30
1673893150185 55880.25 31
1673893150232 56038.25 32
1673893150263 27868.625 33
1673893150311 56316.125 34
1673893150357 27910.0 35
1673893150389 55572.25 36
1673893150436 56005.5 37
1673893150482 28056.875 38
1673893150514 27793.0 39
1673893150568 27704.75 40
1673893150601 27792.25 41
1673893150648 28041.625 42
1673893150679 27858.75 43
1673893150726 28030.875 44
1673893150774 27671.5 45
1673893150821 55177.375 46
1673893150852 27479.625 47
1673893150899 27276.125 48
1673893150946 27769.125 49
1673893150977 55066.0 50
1673893151024 27520.625 51
1673893151071 27607.875 52
1673893151102 26090.75 53
1673893151149 25270.75 54
1673893151196 25244.0 55
1673893151243 25400.25 56
1673893151290 51087.25 57
1673893151321 25456.75 58
1673893151368 25485.0 59
1673893151399 50064.5 60
1673893151446 25470.25 61
1673893151493 25427.5 62
1673893151524 25672.0 63
1673893151571 25377.0 64
1673893151602 51396.5 65
1673893151649 25522.75 66
1673893151696 25633.0 67
1673893151727 50691.25 68
1673893151774 25246.0 69
1673893151821 51299.0 70
1673893151852 50800.75 71
1673893151899 51351.75 72
1673893151946 50752.75 73
1673893151977 25506.75 74
1673893152024 25650.25 75
1673893152071 25819.5 76
1673893152102 50664.5 77
1673893152149 25324.5 78
1673893152196 50606.75 79
1673893152227 50642.25 80
