1673989406361 6719674.5 0
1673989420195 6412790.5 1
1673989433686 4372541.0 2
1673989446983 2375372.0 3
1673989460757 2524578.0 4
1673989473313 2465624.0 5
1673989485189 2575136.0 6
1673989496945 2534546.0 7
1673989508628 2569302.0 8
1673989520132 2248112.0 9
1673989533949 2154332.0 10
1673989546938 2150276.0 11
1673989559638 2112376.0 12
1673989572545 2171156.0 13
1673989586749 2110536.0 14
1673989603234 2151384.0 15
1673989615424 2144112.0 16
1673989627762 2062836.0 17
1673989642052 2118132.0 18
1673989657598 2080952.0 19
1673989670119 2082996.0 20
1673989683620 2128580.0 21
1673989696383 2114944.0 22
1673989708290 2108008.0 23
1673989719800 2053752.0 24
1673989733700 581672.0 25
1673989747189 20112.0 26
1673989761867 20080.0 27
1673989774761 20256.0 28
1673989785978 19880.0 29
1673989798626 20496.0 30
1673989809736 20016.0 31
1673989823818 21560.0 32
1673989837691 21160.0 33
1673989848784 19800.0 34
1673989861562 20776.0 35
1673989874630 20184.0 36
1673989890877 19888.0 37
1673989905920 21688.0 38
1673989920053 20312.0 39
1673989932913 20288.0 40
1673989946642 20656.0 41
1673989962185 21248.0 42
1673989974578 20944.0 43
1673989986808 21344.0 44
1673989999896 21432.0 45
1673990014162 20672.0 46
1673990026658 21232.0 47
1673990038711 21392.0 48
1673990051364 22360.0 49
1673990063520 21504.0 50
1673990075743 21248.0 51
1673990087806 22000.0 52
1673990099970 21560.0 53
1673990112070 21728.0 54
1673990124240 21168.0 55
1673990136436 22176.0 56
1673990148947 22272.0 57
1673990160910 21792.0 58
1673990173170 23168.0 59
