1673962153692 6726225.5 0
1673962163966 6739151.5 1
1673962172860 4307711.0 2
1673962182989 2215438.0 3
1673962193100 2296946.0 4
1673962201897 2384402.0 5
1673962210732 2423632.0 6
1673962219449 2498458.0 7
1673962228157 2510398.0 8
1673962236897 2176734.0 9
1673962246974 1639240.0 10
1673962257004 1745536.0 11
1673962265743 1810988.0 12
1673962274734 1943984.0 13
1673962284887 1998424.0 14
1673962294557 2092316.0 15
1673962303224 2061604.0 16
1673962311906 2078848.0 17
1673962320637 2076120.0 18
1673962329281 2077632.0 19
1673962338126 2088136.0 20
1673962346900 2080968.0 21
1673962355567 2090176.0 22
1673962364284 2086428.0 23
1673962372945 2061580.0 24
1673962381579 2056784.0 25
1673962390182 853564.0 26
1673962401294 21568.0 27
1673962412372 21528.0 28
1673962422363 22416.0 29
1673962431156 23160.0 30
1673962439776 22144.0 31
1673962448458 22600.0 32
1673962457070 22304.0 33
1673962465727 21040.0 34
1673962475712 21704.0 35
1673962484536 22208.0 36
1673962493100 22040.0 37
1673962501772 21960.0 38
1673962510407 22648.0 39
1673962520156 21888.0 40
1673962530202 21440.0 41
1673962538845 22328.0 42
1673962547493 21464.0 43
1673962556117 22176.0 44
1673962564765 22272.0 45
1673962573418 22704.0 46
1673962582011 22168.0 47
1673962590639 22160.0 48
1673962599250 22960.0 49
1673962607868 22240.0 50
1673962616543 23440.0 51
1673962625188 22032.0 52
1673962633915 22200.0 53
1673962644033 21496.0 54
1673962653676 24064.0 55
1673962662288 22672.0 56
1673962670972 22504.0 57
1673962679590 22424.0 58
1673962688187 23032.0 59
