1673896045209 43209.36328125 0
1673896045241 52159.55078125 1
1673896045256 47496.3671875 2
1673896045287 31295.328125 3
1673896045319 44692.984375 4
1673896045348 43044.1875 5
1673896045366 28779.9375 6
1673896045401 41094.5 7
1673896045434 40657.15625 8
1673896045464 40021.78125 9
1673896045483 39629.90625 10
1673896045517 39268.625 11
1673896045550 38855.8125 12
1673896045567 38339.4375 13
1673896045605 38150.5 14
1673896045634 37916.5625 15
1673896045664 37712.75 16
1673896045684 37691.75 17
1673896045717 37314.875 18
1673896045747 37124.875 19
1673896045780 36878.125 20
1673896045814 36875.8125 21
1673896045840 36750.125 22
1673896045864 36250.25 23
1673896045886 36314.0 24
1673896045921 36143.3125 25
1673896045945 36180.875 26
1673896045969 35881.5 27
1673896046001 35634.25 28
1673896046030 35582.125 29
1673896046062 35401.5 30
1673896046093 35444.0 31
