1673961652067 7246651.5 0
1673961662389 7416855.5 1
1673961671769 3773285.0 2
1673961682079 2383496.0 3
1673961692379 2518944.0 4
1673961701683 2580586.0 5
1673961711123 2682526.0 6
1673961720427 2637778.0 7
1673961729694 2559158.0 8
1673961738963 1953728.0 9
1673961749210 1985788.0 10
1673961758469 2015144.0 11
1673961767768 2156728.0 12
1673961777010 2215432.0 13
1673961786277 2251752.0 14
1673961795529 2375200.0 15
1673961804801 2266212.0 16
1673961814065 2292288.0 17
1673961823288 2266024.0 18
1673961832499 2328028.0 19
1673961841665 2286260.0 20
1673961850825 2281056.0 21
1673961860102 2329148.0 22
1673961869338 2306812.0 23
1673961878557 19312.0 24
1673961888765 17640.0 25
1673961898926 19712.0 26
1673961908194 18448.0 27
1673961917394 18480.0 28
1673961926614 19400.0 29
1673961935774 18936.0 30
1673961944966 18456.0 31
1673961954184 18312.0 32
1673961963350 19392.0 33
1673961972535 18352.0 34
1673961981746 18144.0 35
1673961990941 18760.0 36
1673962000114 19824.0 37
1673962009359 18960.0 38
1673962018562 18144.0 39
1673962027740 20056.0 40
1673962037013 19184.0 41
1673962046191 18536.0 42
1673962055382 19200.0 43
1673962064591 19664.0 44
1673962073784 19088.0 45
1673962082982 18280.0 46
1673962092154 18936.0 47
1673962101390 19616.0 48
1673962112025 19584.0 49
1673962122661 19872.0 50
