1673946922084 9611386.0 0
1673946939119 8148036.0 1
1673946956023 4033486.0 2
1673946972730 3948928.0 3
1673946989391 3884236.0 4
1673947005960 3977848.0 5
1673947021279 2454100.0 6
1673947038681 2395268.0 7
1673947056726 2492552.0 8
1673947072122 2559288.0 9
1673947087313 2646880.0 10
1673947102308 2721552.0 11
1673947117358 2675200.0 12
1673947132386 2710776.0 13
1673947147418 2693772.0 14
1673947164026 2675088.0 15
1673947180092 2630928.0 16
1673947195044 2541944.0 17
1673947209904 2309484.0 18
1673947226253 18888.0 19
1673947242472 19480.0 20
1673947257480 19272.0 21
1673947272333 18520.0 22
1673947290930 17904.0 23
1673947307220 18696.0 24
1673947322311 18864.0 25
1673947337362 18696.0 26
1673947352263 18368.0 27
1673947367123 18224.0 28
1673947381966 18232.0 29
1673947397486 17552.0 30
1673947415657 17240.0 31
1673947431993 17040.0 32
1673947448335 16840.0 33
1673947464652 16672.0 34
1673947480963 15872.0 35
1673947497167 13672.0 36
1673947513521 13520.0 37
1673947531748 13536.0 38
1673947547262 12384.0 39
1673947563393 12152.0 40
1673947579610 10880.0 41
1673947595795 10608.0 42
1673947612099 9688.0 43
1673947628245 9016.0 44
1673947646403 7864.0 45
1673947663040 7152.0 46
1673947679158 6632.0 47
1673947695383 6368.0 48
1673947711630 6176.0 49
1673947727631 6496.0 50
1673947742612 5848.0 51
1673947759668 5752.0 52
1673947777201 6008.0 53
1673947791855 6136.0 54
1673947806402 6200.0 55
1673947821030 6216.0 56
1673947835675 6288.0 57
1673947850223 6440.0 58
1673947864807 6384.0 59
1673947880578 6336.0 60
1673947897557 6608.0 61
1673947912430 6744.0 62
1673947927266 6544.0 63
1673947942033 6640.0 64
1673947956725 6304.0 65
1673947971419 6520.0 66
1673947986108 6000.0 67
1673948002263 5888.0 68
1673948018331 5968.0 69
1673948033015 5784.0 70
1673948047700 5216.0 71
1673948063859 5424.0 72
1673948078758 4624.0 73
1673948094795 5272.0 74
1673948109554 4400.0 75
1673948127478 3912.0 76
1673948143951 3576.0 77
1673948159892 3344.0 78
1673948175784 2368.0 79
1673948191746 1712.0 80
1673948207705 1704.0 81
1673948223607 1808.0 82
1673948239178 1592.0 83
1673948256554 1488.0 84
1673948272272 1680.0 85
1673948286726 1568.0 86
1673948301195 1392.0 87
1673948316953 1408.0 88
1673948331457 1464.0 89
1673948346128 1520.0 90
1673948362340 1240.0 91
1673948379238 1304.0 92
1673948393914 1192.0 93
1673948409780 1400.0 94
1673948424493 1328.0 95
1673948439106 1264.0 96
1673948453815 1360.0 97
1673948468344 1320.0 98
1673948484594 1104.0 99
1673948501235 1104.0 100
1673948517132 1056.0 101
1673948533017 992.0 102
1673948548908 1080.0 103
1673948563446 1048.0 104
1673948578069 1168.0 105
1673948592492 1032.0 106
1673948609618 1064.0 107
1673948624191 1128.0 108
1673948638619 992.0 109
1673948654529 792.0 110
1673948670338 928.0 111
1673948684930 856.0 112
1673948699477 920.0 113
1673948713956 840.0 114
1673948730930 864.0 115
1673948745293 776.0 116
1673948761109 840.0 117
1673948775673 936.0 118
1673948790079 768.0 119
1673948806349 808.0 120
1673948821110 912.0 121
1673948836580 704.0 122
1673948854640 816.0 123
1673948869200 840.0 124
1673948883688 776.0 125
1673948898511 840.0 126
1673948912879 632.0 127
1673948928798 728.0 128
1673948943381 728.0 129
1673948958526 704.0 130
1673948974962 664.0 131
1673948989337 624.0 132
1673949005161 680.0 133
1673949019549 696.0 134
1673949034050 576.0 135
1673949049955 600.0 136
1673949064444 512.0 137
1673949081526 536.0 138
1673949097408 480.0 139
1673949113168 448.0 140
1673949128890 336.0 141
1673949144669 416.0 142
1673949159218 352.0 143
1673949173678 264.0 144
1673949189387 168.0 145
1673949207042 112.0 146
1673949223195 32.0 147
1673949238865 48.0 148
1673949253375 48.0 149
