1673917971530 6337339.5 0
1673917981748 5725024.5 1
1673917991899 5223494.0 2
1673918002733 2508460.0 3
1673918013407 2571028.0 4
1673918022072 2556148.0 5
1673918030754 2585550.0 6
1673918039379 2526398.0 7
1673918048051 2553526.0 8
1673918056505 2158600.0 9
1673918066342 1800316.0 10
1673918076155 1789424.0 11
1673918085980 1792052.0 12
1673918094441 1761732.0 13
1673918104223 1750544.0 14
1673918114131 1774792.0 15
1673918124025 1879172.0 16
1673918133201 1856788.0 17
1673918141745 1821260.0 18
1673918150333 1855120.0 19
1673918158821 1827452.0 20
1673918167262 1866172.0 21
1673918175654 1875964.0 22
1673918184152 1820296.0 23
1673918192576 1867896.0 24
1673918201024 1740768.0 25
1673918210897 1767116.0 26
1673918219470 1521120.0 27
1673918229226 30736.0 28
1673918239766 30536.0 29
1673918250467 33232.0 30
1673918259153 33624.0 31
1673918267627 34656.0 32
1673918276132 35272.0 33
1673918284591 34424.0 34
1673918293056 34848.0 35
1673918301550 35008.0 36
1673918310079 34752.0 37
1673918318445 35728.0 38
1673918326881 36160.0 39
1673918335254 35392.0 40
1673918343784 35216.0 41
1673918352229 36016.0 42
1673918362010 37056.0 43
1673918371417 36424.0 44
1673918379971 35872.0 45
1673918388380 38512.0 46
1673918397224 37464.0 47
1673918405767 38720.0 48
1673918414194 38096.0 49
1673918423015 38400.0 50
1673918432583 37312.0 51
1673918442272 38272.0 52
1673918451874 38400.0 53
1673918462122 41232.0 54
