1673896137535 84266.640625 0
1673896137582 68897.90625 1
1673896137614 63266.546875 2
1673896137660 57267.5 3
1673896137692 54406.375 4
1673896137723 52926.8125 5
1673896137770 51198.46875 6
1673896137801 50148.15625 7
1673896137832 49417.34375 8
1673896137879 49055.0 9
1673896137910 48207.9375 10
1673896137957 47989.75 11
1673896137988 48039.5 12
1673896138020 47656.0625 13
1673896138067 47336.9375 14
1673896138098 47057.375 15
1673896138145 46773.5625 16
1673896138176 46980.25 17
1673896138207 46603.5 18
1673896138254 46114.625 19
1673896138285 46115.5 20
1673896138325 45829.75 21
1673896138356 45618.0 22
1673896138403 45371.625 23
1673896138434 45448.5 24
1673896138482 45317.5 25
1673896138513 44970.0 26
1673896138557 44700.25 27
1673896138588 44766.25 28
1673896138619 44421.75 29
1673896138666 44737.125 30
1673896138697 44905.875 31
1673896138730 44650.75 32
1673896138776 44485.625 33
1673896138808 44449.5 34
1673896138839 44417.375 35
1673896138886 44306.5 36
1673896138917 44294.375 37
1673896138948 44198.75 38
1673896138995 44094.5 39
1673896139026 44140.125 40
1673896139058 43862.0 41
1673896139104 44163.75 42
1673896139136 41719.625 43
1673896139167 40976.5 44
1673896139214 40898.75 45
1673896139245 40620.0 46
1673896139276 40617.5 47
1673896139323 40691.0 48
1673896139354 40648.0 49
1673896139386 40677.75 50
1673896139417 40545.0 51
1673896139448 40537.5 52
1673896139495 40550.0 53
1673896139526 40467.0 54
1673896139557 40669.5 55
1673896139589 40662.0 56
1673896139636 40550.5 57
1673896139667 40367.5 58
1673896139698 40420.25 59
1673896139745 40426.25 60
1673896139776 40503.25 61
1673896139807 40364.0 62
1673896139854 40425.5 63
1673896139886 40227.0 64
1673896139926 40524.5 65
1673896139958 40375.5 66
1673896139989 40150.0 67
1673896140036 40423.75 68
1673896140067 40219.25 69
1673896140115 40385.25 70
1673896140146 40152.0 71
1673896140177 40218.5 72
1673896140224 40168.75 73
1673896140255 40320.0 74
1673896140286 40013.25 75
1673896140333 40135.25 76
1673896140365 40199.5 77
1673896140400 40134.0 78
1673896140432 40340.25 79
1673896140479 39994.0 80
1673896140510 40132.5 81
1673896140557 40176.25 82
1673896140588 39998.0 83
1673896140635 40080.25 84
1673896140666 39939.5 85
1673896140697 39928.25 86
1673896140744 39885.25 87
1673896140775 39958.25 88
1673896140807 39901.5 89
1673896140838 39686.5 90
1673896140885 39853.0 91
1673896140916 39689.75 92
1673896140947 39609.25 93
1673896140978 39853.75 94
1673896141025 37913.75 95
1673896141057 36697.5 96
1673896141103 36611.5 97
1673896141135 36654.5 98
1673896141166 36607.0 99
1673896141213 36434.5 100
1673896141244 36497.5 101
1673896141284 36655.0 102
1673896141315 36518.0 103
1673896141347 36619.5 104
1673896141395 36348.5 105
1673896141426 36377.5 106
1673896141457 36300.0 107
1673896141488 36417.0 108
1673896141535 36183.5 109
1673896141566 36359.0 110
1673896141598 36301.5 111
1673896141644 36150.0 112
1673896141676 36450.5 113
1673896141707 36203.0 114
1673896141754 36129.5 115
1673896141785 36171.5 116
1673896141832 35990.5 117
1673896141863 36010.0 118
1673896141910 36095.5 119
1673896141941 36085.0 120
1673896141973 35935.5 121
1673896142004 36138.0 122
1673896142051 35763.5 123
1673896142082 35987.0 124
1673896142129 24665.5 125
1673896142160 35799.5 126
1673896142191 35961.5 127
1673896142236 35784.0 128
1673896142267 35768.0 129
1673896142305 35734.0 130
1673896142336 35594.5 131
1673896142383 35695.0 132
1673896142414 35605.5 133
1673896142445 35471.5 134
1673896142476 35773.0 135
1673896142523 35560.5 136
1673896142555 35595.0 137
1673896142586 24512.5 138
1673896142633 35407.0 139
1673896142664 35534.0 140
1673896142711 35405.0 141
1673896142742 35181.0 142
1673896142773 35486.5 143
1673896142805 35500.5 144
1673896142836 35261.5 145
1673896142883 35229.5 146
1673896142914 35156.5 147
1673896142945 35313.0 148
1673896142992 35193.5 149
