1674066456559 7194059.0 0
1674066474148 6684395.0 1
1674066491445 4174874.0 2
1674066508628 2399782.0 3
1674066525787 2469762.0 4
1674066541323 2423028.0 5
1674066556594 2399974.0 6
1674066572542 2385928.0 7
1674066589535 2281620.0 8
1674066606771 2086778.0 9
1674066624892 1808132.0 10
1674066642462 1818364.0 11
1674066657652 1840004.0 12
1674066672792 1883772.0 13
1674066687658 1781028.0 14
1674066704485 1792212.0 15
1674066719453 1813164.0 16
1674066734289 1763656.0 17
1674066751376 1771396.0 18
1674066766239 1761236.0 19
1674066782996 1707472.0 20
1674066800321 1708544.0 21
1674066816715 1718340.0 22
1674066831838 1655256.0 23
1674066848694 1619260.0 24
1674066864917 1613284.0 25
1674066881115 1607924.0 26
1674066898394 1601940.0 27
1674066914625 1364456.0 28
1674066930874 121120.0 29
1674066946979 119384.0 30
1674066963439 120960.0 31
1674066978298 118176.0 32
1674066996150 116848.0 33
1674067012548 117408.0 34
1674067027419 118376.0 35
1674067042098 118528.0 36
1674067056580 115184.0 37
1674067072861 115272.0 38
1674067087348 112264.0 39
1674067103970 115064.0 40
1674067118607 115296.0 41
1674067132914 111768.0 42
1674067149115 115064.0 43
1674067163606 112520.0 44
1674067177947 113248.0 45
1674067192258 112568.0 46
1674067206609 111088.0 47
1674067224251 112312.0 48
1674067239748 110544.0 49
1674067255646 107792.0 50
1674067271490 112656.0 51
1674067285970 108280.0 52
1674067300222 109336.0 53
1674067314565 111336.0 54
1674067328897 112072.0 55
1674067343140 108288.0 56
1674067357396 107560.0 57
1674067373408 107568.0 58
1674067387806 106928.0 59
1674067405569 107256.0 60
1674067420835 107800.0 61
1674067435118 104752.0 62
1674067451175 104400.0 63
1674067466915 104816.0 64
1674067481145 105872.0 65
1674067495389 104104.0 66
1674067511395 103808.0 67
1674067527208 104840.0 68
1674067541406 104536.0 69
1674067556107 105120.0 70
1674067570301 102440.0 71
1674067588178 104536.0 72
1674067603151 103040.0 73
1674067617457 102648.0 74
1674067631651 101088.0 75
1674067647666 102520.0 76
1674067662019 101784.0 77
1674067676119 101560.0 78
1674067690808 103248.0 79
1674067704956 102512.0 80
1674067719191 101808.0 81
1674067733297 99384.0 82
1674067749295 100728.0 83
1674067763478 99776.0 84
1674067777594 98320.0 85
1674067793492 98032.0 86
1674067809123 98168.0 87
1674067825002 100968.0 88
1674067840208 100792.0 89
1674067854304 97832.0 90
1674067870215 98600.0 91
1674067884430 98896.0 92
1674067898516 95448.0 93
1674067914452 94928.0 94
1674067930248 96544.0 95
1674067944665 96040.0 96
1674067958433 93360.0 97
1674067974278 96656.0 98
1674067988447 94320.0 99
1674068004252 95120.0 100
1674068019484 94720.0 101
1674068033636 95960.0 102
1674068047694 94088.0 103
1674068061741 90384.0 104
1674068077595 92448.0 105
1674068091761 93208.0 106
1674068105804 90824.0 107
1674068119839 91016.0 108
1674068133878 91776.0 109
1674068147892 89920.0 110
1674068163722 89496.0 111
1674068180340 90544.0 112
1674068196064 88360.0 113
1674068211677 90680.0 114
1674068225860 89704.0 115
1674068240095 86704.0 116
1674068256357 89312.0 117
1674068271000 85192.0 118
1674068286641 84320.0 119
1674068302192 86928.0 120
1674068316296 86648.0 121
1674068330206 86168.0 122
1674068344225 82712.0 123
1674068359973 83672.0 124
1674068373988 82888.0 125
1674068388128 84672.0 126
1674068402136 85456.0 127
1674068416582 81464.0 128
1674068434300 79872.0 129
1674068450056 81616.0 130
1674068464156 78456.0 131
1674068480087 80864.0 132
1674068494195 81600.0 133
1674068508178 81272.0 134
1674068522188 78480.0 135
1674068536114 79888.0 136
1674068550081 78552.0 137
1674068564037 78048.0 138
1674068579793 78288.0 139
1674068594005 80192.0 140
1674068610453 79856.0 141
1674068624524 78608.0 142
1674068638528 78280.0 143
1674068652487 76632.0 144
1674068668241 78504.0 145
1674068682276 75592.0 146
1674068698056 77344.0 147
1674068712178 75888.0 148
1674068727558 76312.0 149
