1674594656782 4444024.5 0
1674594666346 3232140.5 1
1674594675842 3490992.0 2
1674594684284 3509979.0 3
1674594692880 2671894.0 4
1674594702517 1382794.0 5
1674594712139 1562108.0 6
1674594720690 1490234.0 7
1674594729256 1590674.0 8
1674594737939 1635642.0 9
1674594746602 1642664.0 10
1674594755067 1698726.0 11
1674594763393 1626804.0 12
1674594771911 1636614.0 13
1674594782040 1631402.0 14
1674594792021 769008.0 15
1674594801690 588512.0 16
1674594811107 585284.0 17
1674594820672 583868.0 18
1674594830267 599748.0 19
1674594838680 570372.0 20
1674594848923 589836.0 21
1674594857386 581856.0 22
1674594866278 568376.0 23
1674594876901 560112.0 24
1674594887295 584724.0 25
1674594896651 565252.0 26
1674594906384 590500.0 27
1674594915481 576580.0 28
1674594924130 571992.0 29
1674594932531 612004.0 30
1674594941094 574380.0 31
1674594949809 590496.0 32
1674594958778 582600.0 33
1674594967873 569920.0 34
1674594977947 575596.0 35
1674594988275 582408.0 36
1674594998313 577112.0 37
1674595007184 612192.0 38
1674595015732 589536.0 39
1674595024683 581632.0 40
1674595033874 563632.0 41
1674595043027 576476.0 42
1674595052033 580972.0 43
1674595060623 564712.0 44
1674595070036 585340.0 45
1674595078733 579028.0 46
1674595087402 574080.0 47
1674595095962 585280.0 48
1674595104423 586312.0 49
