1673896187941 35417.84375 0
1673896187972 39071.953125 1
1673896188003 35753.5390625 2
1673896188019 32493.6484375 3
1673896188050 20955.890625 4
1673896188081 19790.328125 5
1673896188113 18723.9375 6
1673896188128 18154.46875 7
1673896188160 17447.234375 8
1673896188191 17075.625 9
1673896188222 16470.53125 10
1673896188253 24233.75 11
1673896188269 22893.6875 12
1673896188300 15648.8125 13
1673896188331 22604.5 14
1673896188347 15098.71875 15
1673896188378 14682.53125 16
1673896188409 21263.125 17
1673896188441 21443.53125 18
1673896188456 14273.15625 19
1673896188488 14114.25 20
1673896188519 20355.03125 21
1673896188550 13928.28125 22
1673896188581 19617.5 23
1673896188613 19571.0625 24
1673896188628 13409.1875 25
1673896188665 13244.6875 26
1673896188696 13196.8125 27
1673896188727 18942.6875 28
1673896188774 18788.4375 29
1673896188806 18719.0625 30
1673896188837 18608.375 31
1673896188852 18382.6875 32
1673896188884 18613.625 33
1673896188915 18747.1875 34
1673896188931 18234.4375 35
1673896188962 12487.8125 36
1673896188993 18128.3125 37
1673896189024 18412.875 38
1673896189040 17762.4375 39
1673896189071 17680.5 40
1673896189102 17744.0 41
1673896189118 17560.6875 42
1673896189149 17682.625 43
1673896189181 17444.0625 44
1673896189212 17418.0625 45
1673896189227 17314.875 46
1673896189259 17168.25 47
1673896189290 17116.9375 48
1673896189305 11858.75 49
1673896189337 17192.6875 50
1673896189368 17025.3125 51
1673896189384 11707.6875 52
1673896189415 11611.25 53
1673896189446 17471.4375 54
1673896189462 16956.5625 55
1673896189493 16470.25 56
1673896189524 16371.0 57
1673896189555 16149.375 58
1673896189571 16449.25 59
1673896189602 16403.125 60
1673896189618 16293.0 61
1673896189649 11130.75 62
1673896189680 16258.625 63
1673896189696 15824.875 64
1673896189727 16147.25 65
1673896189759 16117.625 66
1673896189790 11058.75 67
1673896189805 11014.625 68
1673896189837 16128.125 69
1673896189868 15788.5 70
1673896189899 15664.25 71
1673896189930 15577.75 72
1673896189962 15851.0 73
1673896189993 15518.625 74
1673896190008 10943.125 75
1673896190040 10910.375 76
1673896190071 10731.0 77
1673896190107 15870.375 78
1673896190123 10804.625 79
1673896190154 15419.125 80
1673896190169 15560.75 81
1673896190201 15544.125 82
1673896190233 10591.875 83
1673896190248 15328.75 84
1673896190280 15544.5 85
1673896190311 10436.5 86
1673896190342 15272.0 87
1673896190358 10495.375 88
1673896190389 15178.5 89
1673896190420 15247.625 90
1673896190436 10268.0 91
1673896190467 14988.125 92
1673896190498 10452.125 93
1673896190514 15015.625 94
1673896190545 15283.875 95
1673896190576 15043.25 96
1673896190592 15053.125 97
1673896190623 14997.625 98
1673896190655 14865.25 99
1673896190670 14799.375 100
1673896190701 10357.625 101
1673896190717 15004.5 102
1673896190748 10383.5 103
1673896190764 10180.25 104
1673896190795 10365.25 105
1673896190826 10301.375 106
1673896190842 14747.75 107
1673896190873 14650.375 108
1673896190889 14682.375 109
1673896190920 10085.5 110
1673896190951 10115.125 111
1673896190967 14573.875 112
1673896190998 10163.0 113
1673896191029 14610.375 114
1673896191045 10115.375 115
1673896191076 14552.875 116
1673896191092 14642.25 117
1673896191123 14574.25 118
1673896191154 14561.5 119
1673896191170 9971.0 120
1673896191201 14399.375 121
1673896191233 14617.625 122
1673896191248 14545.125 123
1673896191279 9959.75 124
1673896191311 14393.0 125
1673896191326 14324.0 126
1673896191358 14553.125 127
1673896191373 9858.5 128
1673896191404 14144.25 129
1673896191436 14313.75 130
1673896191451 9798.5 131
1673896191482 9870.0 132
1673896191498 14075.125 133
1673896191529 13947.75 134
1673896191561 9502.5 135
1673896191576 9600.0 136
1673896191607 13803.5 137
1673896191639 9521.5 138
1673896191654 13815.5 139
1673896191686 13601.75 140
1673896191701 13659.5 141
1673896191732 13817.5 142
1673896191748 9449.25 143
1673896191779 9506.25 144
1673896191811 13616.75 145
1673896191826 13552.25 146
1673896191857 9449.5 147
1673896191889 13632.5 148
1673896191904 9368.75 149
