1673998298992 4755184.5 0
1673998310483 3543247.0 1
1673998321776 4057236.5 2
1673998331466 3776619.0 3
1673998341156 1924891.0 4
1673998352230 1573788.0 5
1673998363269 1547670.0 6
1673998374318 1551352.0 7
1673998383780 1559202.0 8
1673998393332 1602324.0 9
1673998404144 1596218.0 10
1673998414377 1631760.0 11
1673998423785 1636534.0 12
1673998433319 1605778.0 13
1673998442662 1377052.0 14
1673998453561 759784.0 15
1673998464310 737964.0 16
1673998475000 750876.0 17
1673998484265 724056.0 18
1673998494904 720780.0 19
1673998505677 739436.0 20
1673998514989 739156.0 21
1673998524205 734208.0 22
1673998533496 725596.0 23
1673998542710 720996.0 24
1673998552041 719500.0 25
1673998562871 733736.0 26
1673998572083 727524.0 27
1673998582583 725996.0 28
1673998592689 737768.0 29
1673998601905 711176.0 30
1673998613168 741168.0 31
1673998622359 723488.0 32
1673998631485 726148.0 33
1673998640507 723640.0 34
1673998649613 719804.0 35
1673998658849 730572.0 36
1673998668206 723960.0 37
1673998677284 716760.0 38
1673998686399 735544.0 39
1673998695472 718740.0 40
1673998704526 725356.0 41
1673998713715 716996.0 42
1673998722691 723700.0 43
1673998731747 720428.0 44
1673998740781 725924.0 45
1673998749869 698448.0 46
1673998760498 727812.0 47
1673998769560 730232.0 48
1673998778625 728248.0 49
1673998787850 726396.0 50
1673998796909 717236.0 51
1673998805941 717380.0 52
1673998815199 722484.0 53
1673998825680 692960.0 54
1673998836725 702460.0 55
1673998845776 719880.0 56
1673998854818 716072.0 57
1673998863863 717712.0 58
1673998872944 721976.0 59
1673998882761 713944.0 60
1673998891935 199556.0 61
1673998902674 177592.0 62
1673998913077 165624.0 63
1673998923646 173888.0 64
1673998932694 172568.0 65
1673998941706 177448.0 66
1673998950738 168576.0 67
1673998959773 165168.0 68
1673998970214 166464.0 69
1673998979241 165208.0 70
1673998988240 165512.0 71
1673998997972 167808.0 72
1673999008389 159704.0 73
1673999018881 163816.0 74
1673999027906 158688.0 75
1673999038337 163264.0 76
1673999047259 155208.0 77
1673999057715 157248.0 78
1673999066693 156048.0 79
1673999075629 154824.0 80
1673999086018 160344.0 81
1673999094961 152928.0 82
1673999105396 146168.0 83
1673999115851 149928.0 84
1673999124742 151264.0 85
1673999133592 149224.0 86
1673999142528 145232.0 87
1673999152994 141848.0 88
1673999163495 148080.0 89
1673999172534 146296.0 90
1673999182886 145864.0 91
1673999192756 140736.0 92
1673999203238 131944.0 93
1673999213606 133600.0 94
1673999222464 137224.0 95
1673999231349 141224.0 96
1673999240273 134176.0 97
1673999249266 132680.0 98
1673999258200 132000.0 99
1673999267184 129032.0 100
1673999277320 130024.0 101
1673999286473 127208.0 102
1673999296847 123512.0 103
1673999307274 125992.0 104
1673999316134 121624.0 105
1673999326480 122640.0 106
1673999335374 120752.0 107
1673999345726 118664.0 108
1673999356065 118552.0 109
1673999366416 120504.0 110
1673999375385 114424.0 111
1673999385746 110784.0 112
1673999396206 111272.0 113
1673999405023 110336.0 114
1673999416011 110280.0 115
1673999427607 106544.0 116
1673999437937 108480.0 117
1673999446842 105400.0 118
1673999457132 102592.0 119
1673999467447 100408.0 120
1673999477729 98632.0 121
1673999488013 96200.0 122
1673999498924 94536.0 123
1673999510437 94160.0 124
1673999522083 91200.0 125
1673999532324 84456.0 126
1673999542484 84968.0 127
1673999552517 81976.0 128
1673999563640 82216.0 129
1673999572566 77784.0 130
1673999582209 75176.0 131
1673999591919 74376.0 132
1673999603145 71832.0 133
1673999614198 66696.0 134
1673999623837 64744.0 135
1673999633496 63520.0 136
1673999643170 61608.0 137
1673999652844 57016.0 138
1673999662500 54280.0 139
1673999672178 52424.0 140
1673999682681 50096.0 141
1673999693938 44600.0 142
1673999704397 41232.0 143
1673999714607 40080.0 144
1673999724271 36296.0 145
1673999733912 34672.0 146
1673999743563 33056.0 147
1673999753261 31224.0 148
1673999762971 31088.0 149
