1673896276044 78457.3359375 0
1673896276079 54104.1796875 1
1673896276111 48253.0 2
1673896276157 43165.8125 3
1673896276189 40374.171875 4
1673896276220 38268.96875 5
1673896276267 37327.65625 6
1673896276298 35408.625 7
1673896276345 34111.65625 8
1673896276376 33317.1875 9
1673896276407 32603.8125 10
1673896276454 31741.28125 11
1673896276485 31291.0625 12
1673896276532 30713.375 13
1673896276564 30344.3125 14
1673896276610 30125.4375 15
1673896276642 29791.375 16
1673896276673 28991.125 17
1673896276720 29090.25 18
1673896276751 29034.9375 19
1673896276798 28261.75 20
1673896276829 27979.4375 21
1673896276870 28030.4375 22
1673896276901 28204.9375 23
1673896276948 27681.5625 24
1673896276979 28024.9375 25
1673896277010 27490.75 26
1673896277057 27216.0 27
1673896277089 27072.9375 28
1673896277120 26994.3125 29
1673896277161 26814.5 30
1673896277192 26073.5 31
1673896277239 17810.25 32
1673896277272 17705.125 33
1673896277303 25868.0 34
1673896277334 25604.125 35
1673896277365 25406.625 36
1673896277412 25382.75 37
1673896277443 25426.0 38
1673896277475 25206.125 39
1673896277527 25308.5 40
1673896277577 25133.0 41
1673896277624 25259.375 42
1673896277654 24992.75 43
1673896277685 25071.75 44
1673896277733 24998.5 45
1673896277764 24852.0 46
1673896277815 24830.625 47
1673896277846 24852.0 48
1673896277878 24667.625 49
1673896277924 24575.5 50
1673896277971 24653.625 51
1673896278003 24702.375 52
1673896278049 24517.625 53
1673896278081 24246.125 54
1673896278127 24629.75 55
1673896278174 24478.375 56
1673896278206 16891.125 57
1673896278253 24439.5 58
1673896278285 24104.125 59
1673896278316 24120.375 60
1673896278363 24011.25 61
1673896278394 24258.875 62
1673896278425 24197.5 63
1673896278456 23991.375 64
1673896278503 24190.625 65
1673896278535 23976.375 66
1673896278581 23819.375 67
1673896278613 16418.125 68
1673896278660 23780.125 69
1673896278691 23942.125 70
1673896278722 23961.0 71
1673896278753 23615.5 72
1673896278784 16393.625 73
1673896278831 23891.625 74
1673896278863 23315.25 75
1673896278894 23217.25 76
1673896278925 23286.5 77
1673896278956 15826.0 78
1673896279006 23016.5 79
1673896279037 23067.25 80
1673896279068 22686.25 81
1673896279115 22747.75 82
1673896279146 22529.0 83
1673896279178 15613.75 84
1673896279236 22838.0 85
1673896279276 22861.0 86
1673896279307 22865.25 87
1673896279357 22556.5 88
1673896279405 22460.0 89
1673896279438 22918.5 90
1673896279469 22678.5 91
1673896279500 22825.25 92
1673896279549 22687.25 93
1673896279581 15503.75 94
1673896279612 15526.75 95
1673896279659 22551.25 96
1673896279690 22399.0 97
1673896279732 22231.75 98
1673896279764 22190.0 99
1673896279804 22362.0 100
1673896279836 22085.0 101
1673896279876 22188.5 102
1673896279908 22087.0 103
1673896279940 22261.5 104
1673896279980 22179.0 105
1673896280012 22091.5 106
1673896280044 21911.5 107
1673896280084 22034.25 108
1673896280116 22006.5 109
1673896280156 21967.75 110
1673896280190 22078.25 111
1673896280222 21997.0 112
1673896280248 21750.25 113
1673896280280 15058.5 114
1673896280327 21982.5 115
1673896280360 21647.0 116
1673896280390 21794.25 117
1673896280422 21645.0 118
1673896280461 21564.5 119
1673896280486 21688.5 120
1673896280517 21592.0 121
1673896280549 21556.5 122
1673896280589 21488.5 123
1673896280625 21621.25 124
1673896280665 21551.25 125
1673896280697 21393.25 126
1673896280729 21522.75 127
1673896280761 21421.75 128
1673896280801 21443.0 129
1673896280825 21277.0 130
1673896280860 21542.0 131
1673896280901 21495.25 132
1673896280933 14671.75 133
1673896280964 21302.25 134
1673896280995 21271.75 135
1673896281026 21449.25 136
1673896281069 21224.25 137
1673896281101 14582.5 138
1673896281143 21071.5 139
1673896281175 20962.75 140
1673896281207 21016.5 141
1673896281247 21173.0 142
1673896281279 21038.5 143
1673896281318 21139.0 144
1673896281354 20875.5 145
1673896281385 20884.0 146
1673896281425 20852.5 147
1673896281457 20930.25 148
1673896281488 20823.0 149
