1673893462514 59284.81640625 0
1673893462578 50716.81640625 1
1673893462624 44576.0078125 2
1673893462687 40910.359375 3
1673893462749 38476.84375 4
1673893462812 36174.75 5
1673893462859 35518.8125 6
1673893462923 33155.71875 7
1673893462970 32064.71875 8
1673893463033 31198.6875 9
1673893463095 30894.90625 10
1673893463142 29885.28125 11
1673893463204 29678.84375 12
1673893463267 29289.5 13
1673893463329 28849.6875 14
1673893463376 28443.25 15
1673893463439 28536.125 16
1673893463486 28126.625 17
1673893463548 28012.1875 18
1673893463595 28439.0 19
1673893463642 27651.5625 20
1673893463704 27180.375 21
1673893463760 27184.6875 22
1673893463807 27233.375 23
1673893463870 26910.25 24
1673893463916 26755.0 25
1673893463979 26486.9375 26
1673893464026 26375.5 27
1673893464073 26636.875 28
1673893464135 26286.4375 29
1673893464182 26352.9375 30
1673893464229 26157.125 31
1673893464291 26270.9375 32
1673893464338 25638.4375 33
1673893464385 25496.5 34
1673893464448 25268.0 35
1673893464494 25236.75 36
1673893464557 25238.5 37
1673893464604 25369.625 38
1673893464655 25064.875 39
1673893464718 25081.5 40
1673893464765 24986.375 41
1673893464812 25136.875 42
1673893464865 24908.75 43
1673893464912 24864.75 44
1673893464974 24680.125 45
1673893465021 24722.0 46
1673893465068 24491.875 47
1673893465134 24497.25 48
1673893465181 24392.875 49
1673893465228 24420.5 50
1673893465275 24393.375 51
1673893465338 24302.375 52
1673893465385 24335.375 53
1673893465432 23959.25 54
1673893465495 24040.625 55
1673893465541 24099.875 56
1673893465588 24021.875 57
1673893465635 23888.125 58
1673893465682 23775.375 59
1673893465745 23792.5 60
1673893465791 23832.125 61
1673893465838 23693.875 62
1673893465885 23696.125 63
1673893465932 23730.75 64
1673893465979 23704.25 65
1673893466026 23303.0 66
1673893466088 23471.875 67
1673893466135 23554.625 68
1673893466182 23275.875 69
1673893466229 23389.375 70
1673893466276 23422.875 71
1673893466323 23242.75 72
1673893466385 23326.25 73
1673893466432 23140.25 74
1673893466488 23375.0 75
1673893466535 23598.75 76
1673893466581 22874.25 77
1673893466628 22965.0 78
1673893466676 22787.75 79
1673893466739 22787.25 80
1673893466785 22725.25 81
1673893466848 22718.0 82
1673893466895 22712.75 83
1673893466942 22767.75 84
1673893466988 22549.0 85
1673893467051 22575.25 86
1673893467098 22680.5 87
1673893467145 22514.5 88
1673893467192 22374.5 89
1673893467254 22550.75 90
1673893467301 22410.25 91
1673893467348 22509.5 92
1673893467395 22358.25 93
1673893467442 22431.5 94
1673893467488 22250.75 95
1673893467551 22121.0 96
1673893467598 22273.75 97
1673893467645 22029.5 98
1673893467691 22279.75 99
1673893467738 22011.25 100
1673893467801 22115.25 101
1673893467841 22107.75 102
1673893467888 22078.25 103
1673893467935 21831.25 104
1673893467997 21889.0 105
1673893468045 21920.0 106
1673893468092 43871.0 107
1673893468123 21738.75 108
1673893468185 21942.75 109
1673893468232 21804.25 110
1673893468279 21694.5 111
1673893468326 21650.0 112
1673893468389 21701.25 113
1673893468435 21637.5 114
1673893468498 21600.0 115
1673893468545 43094.25 116
1673893468607 21506.0 117
1673893468654 21847.0 118
1673893468701 42817.5 119
1673893468748 42856.25 120
1673893468810 21570.25 121
1673893468867 21464.25 122
1673893468914 21537.25 123
1673893468960 21671.75 124
1673893469023 21391.75 125
1673893469071 21301.75 126
1673893469133 21160.5 127
1673893469184 21121.25 128
1673893469246 21112.25 129
1673893469293 21204.75 130
1673893469340 21067.25 131
1673893469404 21096.5 132
1673893469450 21016.0 133
1673893469497 21051.0 134
1673893469560 21066.75 135
1673893469607 21009.5 136
1673893469653 20877.5 137
1673893469716 20892.25 138
1673893469755 20911.5 139
1673893469818 20938.5 140
1673893469865 20920.5 141
1673893469912 20724.0 142
1673893469965 20810.0 143
1673893470012 20663.0 144
1673893470074 20655.75 145
1673893470121 41291.0 146
1673893470168 20639.5 147
1673893470230 20708.0 148
1673893470277 20520.25 149
