1674071335636 6214316.5 0
1674071353299 4812892.5 1
1674071370672 3144745.0 2
1674071388133 2190706.0 3
1674071405360 1911490.0 4
1674071424159 1788430.0 5
1674071442153 1758012.0 6
1674071459279 1760716.0 7
1674071474853 1768222.0 8
1674071490288 1753288.0 9
1674071507636 1710086.0 10
1674071524540 1712244.0 11
1674071540033 1719626.0 12
1674071555599 1610426.0 13
1674071572865 1324324.0 14
1674071589615 1346264.0 15
1674071606817 1276372.0 16
1674071624136 1295344.0 17
1674071639474 1220152.0 18
1674071656752 1209744.0 19
1674071673538 1157168.0 20
1674071690309 1139752.0 21
1674071707014 1118044.0 22
1674071723606 1083444.0 23
1674071740258 1062884.0 24
1674071756917 1040916.0 25
1674071773701 1016132.0 26
1674071792212 990788.0 27
1674071808909 976864.0 28
1674071825513 945468.0 29
1674071842212 925112.0 30
1674071859025 885988.0 31
1674071875552 883800.0 32
1674071892109 868984.0 33
1674071908695 874708.0 34
1674071923641 847080.0 35
1674071940659 854788.0 36
1674071955731 816980.0 37
1674071972537 797488.0 38
1674071989182 821124.0 39
1674072004310 811012.0 40
1674072020297 794600.0 41
1674072038563 765116.0 42
1674072054327 793192.0 43
1674072069053 760436.0 44
1674072084868 772264.0 45
1674072099545 747876.0 46
1674072115362 749472.0 47
1674072130138 334976.0 48
1674072145869 92288.0 49
1674072162848 91776.0 50
1674072180427 90160.0 51
1674072197673 90824.0 52
1674072214647 89656.0 53
1674072230347 90696.0 54
1674072245078 90520.0 55
1674072259812 90064.0 56
1674072274474 87472.0 57
1674072290087 88536.0 58
1674072306703 87528.0 59
1674072323049 83776.0 60
1674072339470 86368.0 61
1674072354450 86576.0 62
1674072369500 88808.0 63
1674072386737 83512.0 64
1674072403887 84624.0 65
1674072418801 82368.0 66
1674072435345 82752.0 67
1674072450214 81872.0 68
1674072467041 80848.0 69
1674072483466 78760.0 70
1674072499848 80320.0 71
1674072514810 79912.0 72
1674072529591 78528.0 73
1674072546185 79432.0 74
1674072560986 78104.0 75
1674072577540 75360.0 76
1674072593917 77296.0 77
1674072608835 76424.0 78
1674072625789 75360.0 79
1674072642844 73160.0 80
1674072659100 75632.0 81
1674072673855 72544.0 82
1674072690526 74008.0 83
1674072705411 73544.0 84
1674072720049 68336.0 85
1674072736477 71968.0 86
1674072751304 69240.0 87
1674072765950 68448.0 88
1674072780593 68656.0 89
1674072795539 67496.0 90
1674072813912 67944.0 91
1674072828836 67280.0 92
1674072845374 65272.0 93
1674072861722 66864.0 94
1674072876714 66256.0 95
1674072891713 63664.0 96
1674072908130 63512.0 97
1674072924360 63944.0 98
1674072939161 62344.0 99
1674072955711 61584.0 100
1674072971984 59208.0 101
1674072990275 59800.0 102
1674073005723 59760.0 103
1674073020890 58008.0 104
1674073037279 57928.0 105
1674073053487 58600.0 106
1674073068282 56568.0 107
1674073084676 55736.0 108
1674073100924 55896.0 109
1674073115750 53720.0 110
1674073132121 54976.0 111
1674073146812 53440.0 112
1674073163239 52992.0 113
1674073179503 51648.0 114
1674073195713 51880.0 115
1674073210469 51600.0 116
1674073229121 48352.0 117
1674073246146 49328.0 118
1674073260756 48272.0 119
1674073277203 46072.0 120
1674073293206 46216.0 121
1674073307648 45160.0 122
1674073323039 43976.0 123
1674073338453 44352.0 124
1674073352828 44304.0 125
1674073367243 42416.0 126
1674073382929 40512.0 127
1674073399787 40576.0 128
1674073417312 39608.0 129
1674073433723 36984.0 130
1674073450135 37080.0 131
1674073465277 36552.0 132
1674073482559 36464.0 133
1674073499315 35632.0 134
1674073515521 34344.0 135
1674073531583 34272.0 136
1674073547806 33016.0 137
1674073564023 32000.0 138
1674073581364 29912.0 139
1674073598766 28944.0 140
1674073614832 29000.0 141
1674073629242 27888.0 142
1674073644682 28080.0 143
1674073659173 26976.0 144
1674073674545 25400.0 145
1674073689988 24512.0 146
1674073705338 24488.0 147
1674073720740 26360.0 148
1674073736941 31704.0 149
