1673982059961 8570079.0 0
1673982085765 7243085.0 1
1673982111933 3724638.0 2
1673982135905 3635334.0 3
1673982155540 3607544.0 4
1673982175002 3522202.0 5
1673982195294 3501618.0 6
1673982214652 2651144.0 7
1673982233882 2726380.0 8
1673982251988 2673252.0 9
1673982270048 2708476.0 10
1673982288083 2665200.0 11
1673982306184 2679764.0 12
1673982324221 2612116.0 13
1673982343325 2638772.0 14
1673982361389 2629848.0 15
1673982379385 2676624.0 16
1673982397442 2658536.0 17
1673982415501 2632956.0 18
1673982433556 1441616.0 19
1673982452670 188200.0 20
1673982471862 179960.0 21
1673982491119 182472.0 22
1673982509217 182584.0 23
1673982527265 184528.0 24
1673982545346 181520.0 25
1673982563330 180744.0 26
1673982581321 178824.0 27
1673982600615 179680.0 28
1673982618737 179088.0 29
1673982636838 180536.0 30
1673982654807 180224.0 31
1673982673848 178928.0 32
1673982695369 176744.0 33
1673982715309 178080.0 34
1673982734190 177512.0 35
1673982753422 176800.0 36
1673982779072 173528.0 37
1673982816230 177984.0 38
1673982850434 178160.0 39
1673982883851 169304.0 40
1673982919786 167648.0 41
1673982955980 162792.0 42
1673982994598 154704.0 43
1673983031689 165896.0 44
1673983066422 162616.0 45
1673983099134 158560.0 46
1673983132013 152944.0 47
1673983167379 155096.0 48
1673983203099 149896.0 49
1673983238753 147176.0 50
1673983274006 140000.0 51
1673983309422 142808.0 52
1673983343961 141392.0 53
1673983379211 141688.0 54
1673983415606 135224.0 55
1673983453535 130640.0 56
1673983489817 133856.0 57
1673983522385 130104.0 58
1673983556958 124976.0 59
1673983593421 125240.0 60
1673983627552 122936.0 61
1673983664556 118328.0 62
1673983701459 118392.0 63
1673983736339 114952.0 64
1673983773771 114736.0 65
1673983813481 107432.0 66
1673983853840 107632.0 67
1673983889504 103616.0 68
1673983925206 106960.0 69
1673983959243 103264.0 70
1673983997045 98936.0 71
1673984036045 88624.0 72
1673984072753 85536.0 73
1673984109195 80256.0 74
1673984145990 83008.0 75
1673984181101 78408.0 76
1673984220395 73568.0 77
1673984254988 75088.0 78
1673984288124 73176.0 79
1673984323539 70696.0 80
1673984357423 66992.0 81
1673984394911 66472.0 82
1673984434139 70592.0 83
1673984469509 64104.0 84
1673984508662 62496.0 85
1673984551055 65816.0 86
1673984586167 62896.0 87
1673984625515 57952.0 88
1673984661832 56992.0 89
1673984698309 54400.0 90
1673984735474 53888.0 91
1673984771782 55080.0 92
1673984813086 49704.0 93
1673984849849 50064.0 94
1673984884321 49448.0 95
1673984920661 49408.0 96
1673984956313 48056.0 97
1673985008240 48328.0 98
1673985056844 44432.0 99
1673985104150 45912.0 100
1673985147226 43328.0 101
1673985182655 42344.0 102
1673985219407 41080.0 103
1673985256300 41264.0 104
1673985291323 39392.0 105
1673985327508 39384.0 106
1673985362783 37800.0 107
1673985397626 35784.0 108
1673985434653 35872.0 109
1673985469314 34856.0 110
1673985508308 34488.0 111
1673985558961 34184.0 112
1673985609268 32192.0 113
1673985661771 34744.0 114
1673985711803 31960.0 115
1673985762668 30464.0 116
1673985798196 30848.0 117
1673985834214 30096.0 118
1673985870169 27824.0 119
1673985905119 26464.0 120
1673985939865 26688.0 121
1673985971287 26240.0 122
1673986003904 23192.0 123
1673986033395 25472.0 124
1673986060241 23864.0 125
1673986086770 22568.0 126
1673986115143 23800.0 127
1673986140725 22672.0 128
1673986168181 21600.0 129
1673986197023 20872.0 130
1673986225606 21200.0 131
1673986253585 20152.0 132
1673986282818 17616.0 133
1673986311268 19296.0 134
1673986336921 17264.0 135
1673986364396 17368.0 136
1673986391629 16280.0 137
1673986422113 15688.0 138
1673986450321 15368.0 139
1673986479899 14128.0 140
1673986508265 15192.0 141
1673986535094 14496.0 142
1673986560593 13024.0 143
1673986588462 13616.0 144
1673986615832 12768.0 145
1673986643330 12256.0 146
1673986671001 12656.0 147
1673986699297 12560.0 148
1673986727367 13128.0 149
