1673893406416 127385.65625 0
1673893406467 96192.265625 1
1673893406514 39529.171875 2
1673893406561 36475.375 3
1673893406608 69280.9375 4
1673893406655 32348.96875 5
1673893406702 31128.15625 6
1673893406749 60850.78125 7
1673893406796 58623.4375 8
1673893406827 56642.875 9
1673893406874 55566.0 10
1673893406921 26414.25 11
1673893406968 26309.25 12
1673893407025 25625.625 13
1673893407072 25733.3125 14
1673893407118 25055.0625 15
1673893407165 24448.375 16
1673893407196 24203.1875 17
1673893407243 48495.125 18
1673893407290 47846.8125 19
1673893407337 23989.625 20
1673893407385 23534.3125 21
1673893407432 23411.5625 22
1673893407479 46258.75 23
1673893407525 46023.875 24
1673893407557 22933.875 25
1673893407604 45340.875 26
1673893407650 45208.875 27
1673893407697 22891.5 28
1673893407744 22650.25 29
1673893407791 22398.5 30
1673893407838 22359.375 31
1673893407885 44817.75 32
1673893407932 44544.25 33
1673893407963 44708.875 34
1673893408012 43873.625 35
1673893408059 21970.875 36
1673893408106 22340.375 37
1673893408138 43798.0 38
1673893408185 43782.0 39
1673893408231 22376.625 40
1673893408263 21798.25 41
1673893408310 21741.0 42
1673893408357 21691.25 43
1673893408404 43262.375 44
1673893408451 43345.25 45
1673893408482 43258.75 46
1673893408529 42972.0 47
1673893408576 42884.125 48
1673893408607 21555.625 49
1673893408654 42736.5 50
1673893408701 42797.875 51
1673893408732 21386.625 52
1673893408779 21471.875 53
1673893408826 42074.375 54
1673893408873 41115.25 55
1673893408904 20618.75 56
1673893408951 41505.5 57
1673893408998 20592.75 58
1673893409045 40945.0 59
1673893409091 20213.5 60
1673893409138 20474.25 61
1673893409179 20467.5 62
1673893409226 41326.0 63
1673893409273 20439.0 64
1673893409320 20412.75 65
1673893409367 20440.25 66
1673893409414 20518.25 67
1673893409465 20436.75 68
1673893409496 40478.25 69
1673893409543 40558.0 70
1673893409590 20336.25 71
1673893409637 40784.25 72
1673893409684 20222.0 73
1673893409731 40775.0 74
1673893409778 20402.25 75
1673893409825 40235.0 76
1673893409872 40350.25 77
1673893409918 40396.25 78
1673893409965 40146.5 79
1673893410012 20021.0 80
1673893410059 19990.75 81
1673893410106 40000.5 82
1673893410153 40185.75 83
1673893410211 20349.75 84
1673893410244 40120.25 85
1673893410291 19970.25 86
1673893410338 39726.5 87
1673893410385 20010.75 88
1673893410432 20127.75 89
1673893410479 20173.75 90
1673893410514 40048.75 91
1673893410561 39777.75 92
1673893410608 40136.5 93
1673893410655 20232.25 94
1673893410702 19810.0 95
1673893410749 19978.25 96
1673893410796 20033.25 97
1673893410843 19738.5 98
1673893410906 39609.0 99
1673893410944 39464.5 100
1673893410991 39220.5 101
1673893411038 39475.25 102
1673893411085 39458.0 103
1673893411132 20071.25 104
1673893411179 19782.5 105
1673893411226 19878.5 106
1673893411258 19644.5 107
1673893411320 19844.75 108
1673893411351 39308.25 109
1673893411398 39202.75 110
1673893411445 39435.75 111
1673893411492 39145.0 112
1673893411539 39293.25 113
1673893411586 19936.25 114
1673893411632 19763.25 115
1673893411679 39164.5 116
1673893411711 39166.0 117
1673893411757 39279.0 118
1673893411804 38730.25 119
1673893411851 39118.75 120
1673893411891 39028.0 121
1673893411938 19462.5 122
1673893412001 19698.25 123
1673893412032 18225.5 124
1673893412095 35339.5 125
1673893412127 17869.5 126
1673893412189 35679.5 127
1673893412236 17826.0 128
1673893412283 17922.5 129
1673893412314 17923.5 130
1673893412361 17604.5 131
1673893412423 17943.0 132
1673893412475 17634.5 133
1673893412522 17618.5 134
1673893412584 17704.5 135
1673893412631 35288.5 136
1673893412678 17605.5 137
1673893412726 17473.0 138
1673893412794 35050.5 139
1673893412841 35270.5 140
1673893412904 17607.5 141
1673893412950 17565.0 142
1673893412997 35282.5 143
1673893413044 17645.5 144
1673893413091 17564.0 145
1673893413145 17518.5 146
1673893413186 17525.0 147
1673893413218 17665.5 148
1673893413265 17613.0 149
