1673893245157 113018.75 0
1673893245204 74612.171875 1
1673893245251 68702.78125 2
1673893245298 31675.734375 3
1673893245344 30303.59375 4
1673893245391 28817.0 5
1673893245438 56411.4375 6
1673893245485 27262.78125 7
1673893245532 26661.4375 8
1673893245588 51929.0625 9
1673893245620 50866.8125 10
1673893245667 24862.3125 11
1673893245713 49222.4375 12
1673893245760 24328.5625 13
1673893245807 23744.9375 14
1673893245854 46936.0 15
1673893245901 23102.4375 16
1673893245948 22927.3125 17
1673893245995 22434.8125 18
1673893246042 22537.0625 19
1673893246089 44245.5 20
1673893246136 43849.6875 21
1673893246167 42866.5625 22
1673893246218 21784.75 23
1673893246265 43141.8125 24
1673893246312 21376.75 25
1673893246359 21000.375 26
1673893246406 20924.375 27
1673893246452 20606.375 28
1673893246516 41081.125 29
1673893246547 40266.625 30
1673893246594 20132.25 31
1673893246641 40315.5 32
1673893246688 19729.875 33
1673893246735 20142.875 34
1673893246766 39557.625 35
1673893246813 39287.875 36
1673893246860 38875.0 37
1673893246891 19482.5 38
1673893246947 19465.25 39
1673893246994 38693.125 40
1673893247025 19256.0 41
1673893247072 38593.125 42
1673893247119 19621.25 43
1673893247151 19154.5 44
1673893247198 18930.375 45
1673893247248 37779.125 46
1673893247295 37970.25 47
1673893247342 37593.375 48
1673893247373 37553.375 49
1673893247420 18752.0 50
1673893247468 37326.75 51
1673893247515 18752.125 52
1673893247546 37123.0 53
1673893247593 18600.875 54
1673893247640 36857.375 55
1673893247687 18432.0 56
1673893247734 18352.875 57
1673893247780 36684.0 58
1673893247827 18862.75 59
1673893247859 18347.125 60
1673893247905 18276.0 61
1673893247952 36682.5 62
1673893247999 18036.125 63
1673893248046 35489.125 64
1673893248093 35209.75 65
1673893248140 17593.5 66
1673893248187 17656.5 67
1673893248233 34961.0 68
1673893248280 34724.5 69
1673893248323 34922.5 70
1673893248370 34464.0 71
1673893248417 34546.0 72
1673893248464 17445.75 73
1673893248511 34613.75 74
1673893248558 17575.25 75
1673893248590 34332.0 76
1673893248636 34534.25 77
1673893248683 34103.5 78
1673893248730 34584.5 79
1673893248777 34161.75 80
1673893248824 17676.75 81
1673893248871 33806.75 82
1673893248918 17139.75 83
1673893248964 33841.75 84
1673893249011 17298.0 85
1673893249058 17556.5 86
1673893249105 16957.0 87
1673893249152 33700.25 88
1673893249199 33787.0 89
1673893249230 33717.25 90
1673893249277 33906.5 91
1673893249324 33841.25 92
1673893249371 16754.5 93
1673893249417 16868.25 94
1673893249464 16944.75 95
1673893249511 33271.25 96
1673893249558 16880.5 97
1673893249589 33541.5 98
1673893249636 16710.75 99
1673893249692 33258.75 100
1673893249739 16625.0 101
1673893249786 33349.25 102
1673893249833 33322.75 103
1673893249879 17047.0 104
1673893249926 32975.75 105
1673893249973 32995.75 106
1673893250006 32670.25 107
1673893250053 32975.75 108
1673893250100 32797.5 109
1673893250146 16693.25 110
1673893250193 16350.75 111
1673893250240 16412.5 112
1673893250287 32774.5 113
1673893250334 32673.0 114
1673893250365 16438.25 115
1673893250412 32876.25 116
1673893250459 32675.5 117
1673893250506 32358.25 118
1673893250553 16394.75 119
1673893250584 16316.0 120
1673893250646 32524.25 121
1673893250677 32656.25 122
1673893250724 16176.0 123
1673893250787 16091.75 124
1673893250834 32333.0 125
1673893250881 32342.25 126
1673893250912 32482.0 127
1673893250959 32136.0 128
1673893251006 16125.25 129
1673893251046 32458.25 130
1673893251093 32397.5 131
1673893251140 16127.5 132
1673893251171 32014.75 133
1673893251218 32157.25 134
1673893251265 16200.75 135
1673893251312 16071.5 136
1673893251359 32066.75 137
1673893251406 15986.0 138
1673893251453 31751.5 139
1673893251500 31976.75 140
1673893251547 29888.5 141
1673893251593 29098.0 142
1673893251625 14408.5 143
1673893251687 28957.5 144
1673893251718 28516.0 145
1673893251765 28544.0 146
1673893251812 28587.0 147
1673893251859 14134.0 148
1673893251904 28322.0 149
