1674062097877 6298382.0 0
1674062109368 5741074.0 1
1674062120908 5042660.0 2
1674062132090 1933454.0 3
1674062143244 2022434.0 4
1674062152918 2144862.0 5
1674062162563 2056128.0 6
1674062172720 2087848.0 7
1674062183876 2108556.0 8
1674062194686 2020206.0 9
1674062204281 2047876.0 10
1674062213931 1322564.0 11
1674062225585 1355652.0 12
1674062235167 1499020.0 13
1674062244798 1610440.0 14
1674062254407 1599176.0 15
1674062264047 1587912.0 16
1674062274001 1638860.0 17
1674062283551 1618244.0 18
1674062293131 1654812.0 19
1674062302665 1619892.0 20
1674062312270 1593184.0 21
1674062321915 1632424.0 22
1674062331494 1596960.0 23
1674062341104 1576388.0 24
1674062350647 1544704.0 25
1674062360195 1547624.0 26
1674062369699 1503492.0 27
1674062379249 1493604.0 28
1674062388784 1509072.0 29
1674062398223 1454064.0 30
1674062407741 1473936.0 31
1674062418013 1191840.0 32
1674062429959 89296.0 33
1674062441079 87848.0 34
1674062452049 84072.0 35
1674062463132 89440.0 36
1674062472610 88528.0 37
1674062482264 85944.0 38
1674062491961 88096.0 39
1674062501447 87344.0 40
1674062510770 86744.0 41
1674062520196 86192.0 42
1674062529542 87200.0 43
1674062538962 86480.0 44
1674062548327 86384.0 45
1674062557687 87928.0 46
1674062567046 85376.0 47
1674062576389 86072.0 48
1674062585781 85560.0 49
1674062595476 87824.0 50
1674062606181 83472.0 51
1674062618111 84496.0 52
1674062627527 83080.0 53
1674062638342 85152.0 54
1674062647736 84600.0 55
1674062657319 81336.0 56
1674062668264 82992.0 57
1674062677521 80256.0 58
1674062688092 84488.0 59
1674062698004 82408.0 60
1674062707273 79960.0 61
1674062718260 82648.0 62
1674062727509 82504.0 63
1674062736829 83880.0 64
1674062746128 79840.0 65
1674062757037 80136.0 66
1674062766309 79512.0 67
1674062777605 84928.0 68
1674062788348 82848.0 69
1674062797947 82424.0 70
1674062807215 83664.0 71
1674062816663 80240.0 72
1674062826007 81464.0 73
1674062835239 81560.0 74
1674062844509 79984.0 75
1674062853736 78464.0 76
1674062864673 81328.0 77
1674062873946 78056.0 78
1674062884770 79320.0 79
1674062894194 79808.0 80
1674062903376 81520.0 81
1674062912625 77720.0 82
1674062923474 78224.0 83
1674062932628 78200.0 84
1674062942073 77960.0 85
1674062951338 79880.0 86
1674062960869 80200.0 87
1674062970096 80952.0 88
1674062979276 76872.0 89
1674062990185 78696.0 90
1674062999431 78640.0 91
1674063008835 79128.0 92
1674063018889 78608.0 93
1674063029472 78928.0 94
1674063038774 75880.0 95
1674063049595 76904.0 96
1674063058716 75544.0 97
1674063069715 72808.0 98
1674063080457 78904.0 99
1674063089583 75928.0 100
1674063099278 74216.0 101
1674063108456 74264.0 102
1674063117665 74512.0 103
1674063126988 77048.0 104
1674063136196 75664.0 105
1674063145493 73656.0 106
1674063154650 76448.0 107
1674063163752 70648.0 108
1674063174552 74080.0 109
1674063183760 72872.0 110
1674063193190 74120.0 111
1674063204239 74168.0 112
1674063214377 74928.0 113
1674063223476 73264.0 114
1674063232643 70008.0 115
1674063243457 71784.0 116
1674063252581 74328.0 117
1674063261711 72792.0 118
1674063270774 71088.0 119
1674063279921 69960.0 120
1674063290728 72544.0 121
1674063299886 70192.0 122
1674063308949 72648.0 123
1674063318560 70440.0 124
1674063327625 69296.0 125
1674063338402 69032.0 126
1674063348970 70504.0 127
1674063358144 69472.0 128
1674063367474 69696.0 129
1674063377190 71392.0 130
1674063387625 67488.0 131
1674063398840 65840.0 132
1674063409354 68328.0 133
1674063418447 67616.0 134
1674063427790 67896.0 135
1674063436890 67816.0 136
1674063445979 68544.0 137
1674063455088 67296.0 138
1674063464163 68520.0 139
1674063473211 67440.0 140
1674063482269 67328.0 141
1674063491373 66624.0 142
1674063500437 69360.0 143
1674063509461 66600.0 144
1674063518584 67416.0 145
1674063527582 65992.0 146
1674063536657 65688.0 147
1674063547333 66976.0 148
1674063556424 62704.0 149
