1673921002306 6497485.0 0
1673921012929 5795808.0 1
1673921023573 5017019.0 2
1673921034072 2739134.0 3
1673921044604 2651530.0 4
1673921054994 2553936.0 5
1673921065215 2572056.0 6
1673921074276 2636546.0 7
1673921083264 2588926.0 8
1673921092276 2019568.0 9
1673921102582 1873836.0 10
1673921112809 1852372.0 11
1673921124112 1791372.0 12
1673921134682 1837800.0 13
1673921143633 1789912.0 14
1673921153747 1815524.0 15
1673921162629 1827500.0 16
1673921171548 1804072.0 17
1673921180422 1801844.0 18
1673921189393 1782572.0 19
1673921199596 1767960.0 20
1673921209777 1777928.0 21
1673921218713 1859528.0 22
1673921227778 1858416.0 23
1673921237125 1831712.0 24
1673921247471 1815672.0 25
1673921256593 1815256.0 26
1673921265613 1135764.0 27
1673921275795 5736.0 28
1673921285909 5160.0 29
1673921296002 5152.0 30
1673921306152 4696.0 31
1673921316324 5072.0 32
1673921325277 5248.0 33
1673921334204 4688.0 34
1673921344319 4840.0 35
1673921353186 4784.0 36
1673921363394 4656.0 37
1673921374115 4824.0 38
1673921382986 4904.0 39
1673921391817 4480.0 40
1673921402092 4592.0 41
1673921410970 4624.0 42
1673921419893 4560.0 43
1673921428488 4944.0 44
1673921437235 4640.0 45
1673921445971 4424.0 46
1673921456142 4576.0 47
1673921465072 4416.0 48
1673921475379 4288.0 49
1673921486715 4768.0 50
1673921496261 4896.0 51
1673921505185 4584.0 52
1673921514031 4616.0 53
1673921522780 4696.0 54
1673921531539 4400.0 55
1673921540316 4464.0 56
1673921549085 4528.0 57
1673921557861 4512.0 58
1673921566631 4280.0 59
1673921576826 4800.0 60
1673921585720 4568.0 61
1673921594784 4288.0 62
1673921605008 4408.0 63
1673921614421 4368.0 64
1673921623201 4472.0 65
1673921631908 4304.0 66
1673921640667 4152.0 67
1673921650785 4528.0 68
1673921659631 4408.0 69
1673921668476 4480.0 70
1673921677322 4456.0 71
1673921686035 4240.0 72
1673921695077 4128.0 73
1673921705240 4768.0 74
1673921714185 4504.0 75
1673921724477 4648.0 76
1673921734004 4776.0 77
1673921742566 4496.0 78
1673921751297 4000.0 79
1673921761401 4600.0 80
1673921770186 4312.0 81
1673921778971 4360.0 82
1673921787736 4688.0 83
1673921796480 4688.0 84
1673921805190 4336.0 85
1673921813963 4216.0 86
1673921822670 4400.0 87
1673921831365 4432.0 88
1673921841355 4176.0 89
1673921851213 4640.0 90
1673921860041 4080.0 91
1673921868772 4760.0 92
1673921877481 4208.0 93
1673921886181 4168.0 94
1673921894940 4176.0 95
1673921903655 4752.0 96
1673921912370 4360.0 97
1673921921043 4432.0 98
1673921929731 4496.0 99
1673921938408 4088.0 100
1673921947132 4816.0 101
1673921956294 4416.0 102
1673921966469 5048.0 103
1673921975620 4504.0 104
