1673896039133 62176.09765625 0
1673896039165 50494.77734375 1
1673896039180 31849.71875 2
1673896039212 30265.0625 3
1673896039243 29620.140625 4
1673896039258 42312.1875 5
1673896039290 41281.546875 6
1673896039321 40791.375 7
1673896039342 27391.96875 8
1673896039374 39420.96875 9
1673896039398 38940.65625 10
1673896039414 38599.46875 11
1673896039445 26483.53125 12
1673896039461 26140.4375 13
1673896039492 26011.25 14
1673896039523 25715.25 15
1673896039557 25590.4375 16
1673896039585 37066.3125 17
1673896039609 36896.3125 18
1673896039633 25360.0 19
1673896039649 36590.3125 20
1673896039680 36512.3125 21
1673896039695 36420.0625 22
1673896039727 24932.5 23
1673896039742 25044.5 24
1673896039781 24739.0625 25
1673896039817 35808.0 26
1673896039832 35838.0 27
1673896039864 35501.8125 28
1673896039896 24689.125 29
1673896039915 35480.3125 30
1673896039946 35432.25 31
1673896039984 35428.25 32
1673896040009 35120.25 33
1673896040033 35183.5 34
1673896040050 34989.375 35
1673896040081 34844.75 36
1673896040097 23836.625 37
1673896040128 24055.75 38
1673896040159 34697.5 39
1673896040181 34724.25 40
1673896040205 34846.5 41
1673896040221 24041.125 42
1673896040252 23892.125 43
1673896040283 34909.625 44
1673896040299 34528.375 45
1673896040330 34591.875 46
1673896040346 23937.25 47
1673896040380 23710.875 48
1673896040406 23802.625 49
1673896040430 34544.0 50
1673896040446 34589.25 51
1673896040477 34499.25 52
1673896040494 23678.5 53
1673896040525 34292.75 54
1673896040556 34426.625 55
1673896040572 34296.0 56
1673896040606 34166.375 57
1673896040630 34087.875 58
1673896040661 23523.875 59
1673896040677 34378.375 60
1673896040708 34019.875 61
1673896040726 34188.75 62
1673896040759 23552.75 63
1673896040793 33942.625 64
1673896040816 33683.75 65
1673896040844 33615.75 66
1673896040877 33582.25 67
1673896040905 33675.0 68
1673896040927 33609.75 69
1673896040964 23198.5 70
1673896040992 33512.25 71
1673896041027 33636.0 72
1673896041060 33546.75 73
1673896041089 22979.75 74
1673896041113 33409.75 75
1673896041139 22988.25 76
1673896041163 33306.0 77
1673896041188 33408.5 78
1673896041205 33402.0 79
1673896041239 33297.0 80
1673896041263 33454.75 81
1673896041288 33252.75 82
1673896041319 33132.5 83
1673896041335 33263.5 84
1673896041366 33232.5 85
1673896041382 23025.0 86
1673896041413 33072.25 87
1673896041444 32949.25 88
1673896041468 33048.75 89
1673896041500 32966.25 90
1673896041515 33080.25 91
1673896041547 33058.5 92
1673896041562 22803.5 93
1673896041594 32825.0 94
1673896041625 32990.75 95
1673896041640 33097.75 96
1673896041676 33030.5 97
1673896041693 33104.75 98
1673896041724 32872.75 99
1673896041744 32802.0 100
1673896041775 22655.25 101
1673896041791 22556.75 102
1673896041822 32747.75 103
1673896041854 32815.0 104
1673896041869 22594.0 105
1673896041903 22701.25 106
1673896041927 32666.75 107
1673896041951 32673.75 108
1673896041967 22637.25 109
1673896041998 32617.0 110
1673896042029 32756.0 111
1673896042045 32687.5 112
1673896042076 32784.5 113
1673896042109 32626.0 114
1673896042134 32534.25 115
1673896042158 22502.25 116
1673896042174 32624.5 117
1673896042205 32496.5 118
1673896042236 32546.0 119
1673896042252 32290.0 120
1673896042283 32253.25 121
1673896042299 32595.75 122
1673896042339 22534.25 123
1673896042363 32418.5 124
1673896042379 32267.5 125
1673896042410 32312.25 126
1673896042426 22361.25 127
1673896042457 32468.25 128
1673896042488 32308.0 129
1673896042504 22367.25 130
1673896042540 32105.0 131
1673896042567 29949.25 132
1673896042591 28936.5 133
1673896042607 28974.0 134
1673896042638 19958.0 135
1673896042670 28992.0 136
1673896042685 19936.5 137
1673896042716 28963.5 138
1673896042746 28884.5 139
1673896042770 29085.5 140
1673896042794 19946.0 141
1673896042809 28746.5 142
1673896042840 28886.5 143
1673896042868 19935.0 144
1673896042905 29013.0 145
1673896042921 28937.0 146
1673896042958 29086.0 147
1673896042989 28954.0 148
1673896043022 28878.5 149
