1673930423172 6575978.0 0
1673930433267 5883249.0 1
1673930443352 5058805.0 2
1673930453683 2900496.0 3
1673930463787 2882296.0 4
1673930473860 2864398.0 5
1673930483844 2899264.0 6
1673930492779 2858646.0 7
1673930502689 2324648.0 8
1673930512539 1498596.0 9
1673930522361 1509212.0 10
1673930531223 1428824.0 11
1673930541003 1450380.0 12
1673930549933 1470252.0 13
1673930558731 1461184.0 14
1673930567526 1436820.0 15
1673930576351 1422772.0 16
1673930586097 1437596.0 17
1673930594909 1431124.0 18
1673930603720 1439516.0 19
1673930612594 1417556.0 20
1673930622339 1398800.0 21
1673930632054 1424892.0 22
1673930640821 1411172.0 23
1673930649612 1406608.0 24
1673930658347 1414508.0 25
1673930667100 1380280.0 26
1673930676836 1402580.0 27
1673930685573 1380532.0 28
1673930694333 1389432.0 29
1673930703106 1340320.0 30
1673930712755 1361352.0 31
1673930721496 152496.0 32
1673930731175 6472.0 33
1673930740881 5848.0 34
1673930750605 6096.0 35
1673930759361 6080.0 36
1673930768112 6024.0 37
1673930776819 5696.0 38
1673930786506 5592.0 39
1673930796163 5368.0 40
1673930805868 5128.0 41
1673930815553 5448.0 42
1673930824324 5304.0 43
1673930833064 5168.0 44
1673930841851 5504.0 45
1673930850503 4720.0 46
1673930860098 4728.0 47
1673930869294 4880.0 48
1673930878408 4472.0 49
1673930888147 4448.0 50
1673930897803 4608.0 51
1673930906537 4440.0 52
1673930916286 4376.0 53
1673930925941 4272.0 54
1673930935609 4144.0 55
1673930945266 4248.0 56
1673930953958 3992.0 57
1673930963638 4312.0 58
1673930972332 4048.0 59
1673930981050 3880.0 60
1673930990708 3864.0 61
1673931000309 3864.0 62
1673931009954 3864.0 63
1673931019598 4032.0 64
1673931028247 4208.0 65
1673931036936 3984.0 66
1673931045572 3704.0 67
1673931055243 3736.0 68
1673931063968 3936.0 69
1673931072609 3888.0 70
1673931081337 3848.0 71
1673931090003 3656.0 72
1673931099647 3592.0 73
1673931109284 3920.0 74
1673931117952 3584.0 75
1673931127620 3912.0 76
1673931136313 3584.0 77
1673931145959 3864.0 78
1673931154644 3584.0 79
1673931164262 3560.0 80
1673931173922 3744.0 81
1673931182601 3520.0 82
1673931192235 3384.0 83
1673931201888 3408.0 84
1673931210630 3464.0 85
1673931219301 3552.0 86
1673931227929 3576.0 87
1673931236588 3608.0 88
1673931245250 3640.0 89
1673931254005 3344.0 90
1673931263768 3808.0 91
1673931272411 3392.0 92
1673931281024 3728.0 93
1673931289694 3488.0 94
1673931298283 3736.0 95
1673931306879 3568.0 96
1673931315540 3616.0 97
1673931324164 3680.0 98
1673931332768 3376.0 99
1673931341374 3584.0 100
1673931350042 3960.0 101
1673931358620 3456.0 102
1673931367283 3728.0 103
1673931375995 3640.0 104
1673931384996 3720.0 105
1673931393654 3992.0 106
1673931402367 3856.0 107
1673931410978 3760.0 108
1673931419642 3904.0 109
1673931428289 3728.0 110
1673931436951 3624.0 111
1673931445628 3648.0 112
1673931454215 3896.0 113
1673931462853 4136.0 114
1673931471453 4208.0 115
