1673892980756 120150.8125 0
1673892980803 45995.28125 1
1673892980850 89008.921875 2
1673892980881 84644.703125 3
1673892980928 41461.5625 4
1673892980975 40290.4375 5
1673892981022 39353.375 6
1673892981073 77417.46875 7
1673892981104 76207.4375 8
1673892981151 74832.125 9
1673892981198 73803.5625 10
1673892981229 36290.875 11
1673892981277 36224.1875 12
1673892981324 71089.125 13
1673892981374 69736.6875 14
1673892981422 34574.5 15
1673892981469 34069.75 16
1673892981516 68083.6875 17
1673892981547 67480.0 18
1673892981594 33735.375 19
1673892981642 66832.625 20
1673892981673 33403.125 21
1673892981735 33290.25 22
1673892981782 66668.625 23
1673892981813 66438.75 24
1673892981860 66358.875 25
1673892981907 65997.875 26
1673892981954 66021.875 27
1673892981985 65621.125 28
1673892982032 32979.625 29
1673892982079 65098.875 30
1673892982116 65061.5 31
1673892982163 65013.625 32
1673892982194 32362.75 33
1673892982241 32454.5 34
1673892982288 65005.125 35
1673892982319 32284.5 36
1673892982366 32095.5 37
1673892982413 64215.25 38
1673892982460 64659.5 39
1673892982491 64299.0 40
1673892982538 64171.75 41
1673892982585 64551.25 42
1673892982616 32355.5 43
1673892982663 63878.75 44
1673892982694 32072.75 45
1673892982741 63806.25 46
1673892982788 63878.75 47
1673892982823 63847.5 48
1673892982870 31836.25 49
1673892982917 31804.25 50
1673892982964 63851.5 51
1673892982996 63694.5 52
1673892983043 63387.0 53
1673892983090 63490.25 54
1673892983121 62750.5 55
1673892983168 31786.75 56
1673892983215 31542.5 57
1673892983262 31525.0 58
1673892983308 31570.0 59
1673892983340 63187.5 60
1673892983387 31619.0 61
1673892983433 31799.5 62
1673892983465 31394.0 63
1673892983512 31449.75 64
1673892983558 62694.25 65
1673892983605 63016.25 66
1673892983636 62981.0 67
1673892983683 31297.25 68
1673892983730 62252.75 69
1673892983777 31312.75 70
1673892983817 31210.25 71
1673892983864 62635.75 72
1673892983911 62058.25 73
1673892983942 31112.75 74
1673892983989 62423.25 75
1673892984037 31387.5 76
1673892984084 62426.25 77
1673892984115 30820.0 78
1673892984162 55620.25 79
1673892984209 27837.0 80
1673892984256 55525.5 81
1673892984303 55442.5 82
1673892984349 55406.0 83
1673892984381 27951.0 84
1673892984428 55298.0 85
1673892984474 27690.5 86
1673892984521 55477.0 87
1673892984568 27517.0 88
1673892984626 55287.0 89
1673892984672 27653.5 90
1673892984719 27708.5 91
1673892984751 27577.5 92
1673892984798 54908.0 93
1673892984845 55403.5 94
1673892984892 55150.5 95
1673892984939 54959.0 96
1673892984986 54788.0 97
1673892985017 27693.0 98
1673892985064 27514.5 99
1673892985111 54732.5 100
1673892985158 27419.0 101
1673892985205 55005.5 102
1673892985251 27501.0 103
1673892985298 55032.0 104
1673892985345 54918.5 105
1673892985392 27573.5 106
1673892985439 54599.5 107
1673892985470 54627.5 108
1673892985517 54479.5 109
1673892985564 54457.5 110
1673892985611 54622.5 111
1673892985657 27236.0 112
1673892985704 27195.5 113
1673892985751 54459.5 114
1673892985798 27117.5 115
1673892985845 54022.0 116
1673892985892 27089.5 117
1673892985939 54088.0 118
1673892985986 27107.0 119
1673892986032 53815.0 120
1673892986079 54014.0 121
1673892986126 26943.5 122
1673892986173 27051.5 123
1673892986220 53849.5 124
1673892986267 27252.5 125
1673892986298 53807.5 126
1673892986345 26762.0 127
1673892986392 26898.5 128
1673892986439 26897.0 129
1673892986485 54028.5 130
1673892986532 53546.5 131
1673892986574 26948.5 132
1673892986621 26714.0 133
1673892986667 53541.0 134
1673892986714 26845.0 135
1673892986762 53482.5 136
1673892986809 26617.0 137
1673892986856 26733.5 138
1673892986903 53492.0 139
1673892986950 26675.5 140
1673892986996 26728.5 141
1673892987043 53451.5 142
1673892987090 53291.0 143
1673892987125 26724.5 144
1673892987172 26590.0 145
1673892987235 53532.0 146
1673892987266 26626.0 147
1673892987313 26758.0 148
1673892987361 53353.5 149
