1673893435066 58328.125 0
1673893435117 49189.6171875 1
1673893435179 42447.4609375 2
1673893435242 38464.265625 3
1673893435305 35962.671875 4
1673893435352 34046.375 5
1673893435414 32705.984375 6
1673893435477 31457.9375 7
1673893435528 30468.09375 8
1673893435590 29366.59375 9
1673893435652 29136.03125 10
1673893435699 28555.25 11
1673893435763 28307.78125 12
1673893435826 27910.84375 13
1673893435888 27265.6875 14
1673893435951 26781.28125 15
1673893435998 27769.8125 16
1673893436061 26300.875 17
1673893436108 26247.6875 18
1673893436171 26077.625 19
1673893436217 25910.6875 20
1673893436280 25819.6875 21
1673893436342 25485.75 22
1673893436405 25379.5 23
1673893436467 25232.0 24
1673893436514 24996.6875 25
1673893436577 25065.375 26
1673893436624 24660.25 27
1673893436686 24640.75 28
1673893436750 24545.4375 29
1673893436796 24467.25 30
1673893436859 24291.9375 31
1673893436906 24083.875 32
1673893436968 24064.5 33
1673893437015 24763.9375 34
1673893437062 23845.25 35
1673893437125 23529.125 36
1673893437187 23347.875 37
1673893437234 23264.5 38
1673893437281 23091.625 39
1673893437343 22969.0 40
1673893437390 23116.5 41
1673893437437 23051.25 42
1673893437499 22985.5 43
1673893437546 22549.375 44
1673893437593 22742.0 45
1673893437640 22612.75 46
1673893437687 22563.0 47
1673893437749 22422.75 48
1673893437796 22364.0 49
1673893437854 22509.125 50
1673893437900 22389.625 51
1673893437947 23959.5 52
1673893437994 22439.125 53
1673893438041 22285.625 54
1673893438104 22090.0 55
1673893438151 22188.625 56
1673893438198 21938.0 57
1673893438261 21912.625 58
1673893438308 21756.875 59
1673893438370 21768.75 60
1673893438417 21793.5 61
1673893438464 22015.25 62
1673893438511 21667.375 63
1673893438573 21710.75 64
1673893438620 21588.125 65
1673893438667 43302.25 66
1673893438714 21421.25 67
1673893438765 21640.875 68
1673893438812 21476.125 69
1673893438874 21644.75 70
1673893438921 21542.125 71
1673893438969 21427.75 72
1673893439016 21538.75 73
1673893439062 21300.375 74
1673893439109 21586.125 75
1673893439156 21107.875 76
1673893439223 21468.625 77
1673893439270 21217.875 78
1673893439316 21094.125 79
1673893439363 21030.875 80
1673893439411 21027.75 81
1673893439474 20638.75 82
1673893439521 20526.5 83
1673893439583 20599.5 84
1673893439630 20262.25 85
1673893439677 20739.0 86
1673893439724 20376.25 87
1673893439770 20368.25 88
1673893439817 41148.75 89
1673893439864 20581.25 90
1673893439911 20723.0 91
1673893439958 20513.25 92
1673893440019 20221.0 93
1673893440081 20444.0 94
1673893440128 20475.5 95
1673893440175 20139.5 96
1673893440239 20194.5 97
1673893440285 19923.75 98
1673893440332 20343.0 99
1673893440395 20032.0 100
1673893440442 20130.75 101
1673893440488 20225.25 102
1673893440555 19887.5 103
1673893440602 21698.5 104
1673893440649 39700.25 105
1673893440711 20143.5 106
1673893440759 20170.5 107
1673893440806 19898.75 108
1673893440853 20078.0 109
1673893440915 19785.5 110
1673893440962 19941.75 111
1673893441009 19974.25 112
1673893441071 19823.0 113
1673893441118 19891.5 114
1673893441165 19970.25 115
1673893441212 20078.25 116
1673893441259 19820.75 117
1673893441321 19676.5 118
1673893441368 19750.5 119
1673893441415 39934.0 120
1673893441477 19680.5 121
1673893441524 19728.25 122
1673893441571 19710.5 123
1673893441618 19750.5 124
1673893441665 19794.5 125
1673893441727 19705.25 126
1673893441774 19701.5 127
1673893441821 19488.75 128
1673893441884 19759.75 129
1673893441940 39220.25 130
1673893441986 19605.75 131
1673893442033 19429.25 132
1673893442096 19480.25 133
1673893442144 19667.25 134
1673893442191 19748.25 135
1673893442237 19585.5 136
1673893442284 19409.75 137
1673893442347 19506.0 138
1673893442394 19441.25 139
1673893442440 19418.25 140
1673893442487 19563.0 141
1673893442534 19387.0 142
1673893442597 19291.25 143
1673893442644 19675.25 144
1673893442706 19267.75 145
1673893442753 19374.75 146
1673893442800 38299.5 147
1673893442847 19267.25 148
1673893442909 19266.0 149
