1674006345371 4898062.0 0
1674006356303 3556640.0 1
1674006367092 4310501.0 2
1674006376876 3914851.0 3
1674006387557 1748364.0 4
1674006398602 1681578.0 5
1674006409201 1674354.0 6
1674006420845 1592336.0 7
1674006431443 1691770.0 8
1674006440488 1742404.0 9
1674006449523 1714620.0 10
1674006458456 1782232.0 11
1674006467684 1797634.0 12
1674006476688 1594962.0 13
1674006485612 858244.0 14
1674006496133 875540.0 15
1674006505023 855400.0 16
1674006515475 853728.0 17
1674006525784 830112.0 18
1674006536153 842576.0 19
1674006545011 822120.0 20
1674006555320 828756.0 21
1674006564189 827192.0 22
1674006573015 804184.0 23
1674006583300 812152.0 24
1674006592093 833960.0 25
1674006600903 817768.0 26
1674006609701 817908.0 27
1674006618377 825352.0 28
1674006628725 821668.0 29
1674006638489 826832.0 30
1674006647277 801292.0 31
1674006657668 844040.0 32
1674006666435 831704.0 33
1674006675214 818324.0 34
1674006684100 823716.0 35
1674006692552 809604.0 36
1674006701049 806448.0 37
1674006710016 789764.0 38
1674006720374 809748.0 39
1674006729111 795816.0 40
1674006737803 813492.0 41
1674006746606 817220.0 42
1674006755544 806456.0 43
1674006764310 802592.0 44
1674006773002 817684.0 45
1674006781749 803556.0 46
1674006790438 829572.0 47
1674006800075 774620.0 48
1674006811027 810684.0 49
1674006820206 815052.0 50
1674006828851 801412.0 51
1674006837496 812308.0 52
1674006846327 803796.0 53
1674006855625 647260.0 54
1674006866174 136704.0 55
1674006876837 142344.0 56
1674006885477 140048.0 57
1674006894131 131752.0 58
1674006904186 136152.0 59
1674006912774 137216.0 60
1674006921352 140792.0 61
1674006929898 134104.0 62
1674006938693 135568.0 63
1674006947240 129848.0 64
1674006957432 128744.0 65
1674006967498 129944.0 66
1674006976506 129696.0 67
1674006986653 123648.0 68
1674006996872 129880.0 69
1674007005468 126312.0 70
1674007014045 128168.0 71
1674007022571 127936.0 72
1674007031391 126312.0 73
1674007039979 124872.0 74
1674007048521 124280.0 75
1674007057124 123656.0 76
1674007065689 125344.0 77
1674007074258 119904.0 78
1674007084948 120112.0 79
1674007093459 121600.0 80
1674007102011 123488.0 81
1674007110609 121232.0 82
1674007119398 114984.0 83
1674007129546 118984.0 84
1674007138127 115120.0 85
1674007146709 117632.0 86
1674007155304 117448.0 87
1674007163937 113312.0 88
1674007174040 111344.0 89
1674007184043 114448.0 90
1674007192561 110216.0 91
1674007202569 112384.0 92
1674007211112 108368.0 93
1674007221829 108504.0 94
1674007231588 112072.0 95
1674007240440 107056.0 96
1674007250496 103352.0 97
1674007260466 105808.0 98
1674007268941 103856.0 99
1674007277422 105088.0 100
1674007285949 103032.0 101
1674007295845 104680.0 102
1674007304343 103528.0 103
1674007312860 100496.0 104
1674007322871 101256.0 105
1674007331363 97800.0 106
1674007341345 96128.0 107
1674007351307 96600.0 108
1674007359787 97792.0 109
1674007368241 94152.0 110
1674007378123 93896.0 111
1674007388077 94976.0 112
1674007397076 90592.0 113
1674007408031 94128.0 114
1674007417069 91576.0 115
1674007425582 90680.0 116
1674007434075 87384.0 117
1674007444007 89968.0 118
1674007452685 87544.0 119
1674007461207 87936.0 120
1674007469733 87568.0 121
1674007478289 85296.0 122
1674007488387 81584.0 123
1674007498345 84688.0 124
1674007506762 83408.0 125
1674007515220 81352.0 126
1674007525128 78672.0 127
1674007535101 80240.0 128
1674007543555 78824.0 129
1674007552048 75456.0 130
1674007561979 75216.0 131
1674007571907 76984.0 132
1674007581542 73928.0 133
1674007592199 73288.0 134
1674007602122 72752.0 135
1674007611435 70840.0 136
1674007620725 70296.0 137
1674007630081 67496.0 138
1674007639412 66512.0 139
1674007648781 65696.0 140
1674007658900 65440.0 141
1674007668204 64992.0 142
1674007677663 60704.0 143
1674007686871 63008.0 144
1674007695218 62960.0 145
1674007703563 62904.0 146
1674007712125 62096.0 147
1674007720933 60096.0 148
1674007731724 67232.0 149
