1673950723692 9143378.0 0
1673950739450 8283022.0 1
1673950755226 3750284.0 2
1673950770759 3868940.0 3
1673950785555 3920840.0 4
1673950800012 3970442.0 5
1673950814414 2740918.0 6
1673950829804 2567852.0 7
1673950845155 2525736.0 8
1673950860440 2603328.0 9
1673950874834 2709560.0 10
1673950889137 2768284.0 11
1673950903392 2759948.0 12
1673950917610 2750696.0 13
1673950931890 2736220.0 14
1673950946146 2773508.0 15
1673950960423 2751880.0 16
1673950974724 2715464.0 17
1673950988985 1787212.0 18
1673951004264 53864.0 19
1673951019498 54784.0 20
1673951033872 52480.0 21
1673951049112 51888.0 22
1673951064363 52472.0 23
1673951078643 53928.0 24
1673951092830 53712.0 25
1673951107018 52632.0 26
1673951121260 52720.0 27
1673951135490 52296.0 28
1673951149701 52880.0 29
1673951164118 51744.0 30
1673951179324 52008.0 31
1673951193518 52504.0 32
1673951207656 50672.0 33
1673951222843 52160.0 34
1673951237097 52592.0 35
1673951251255 49176.0 36
1673951266351 49336.0 37
1673951280553 49320.0 38
1673951294705 48280.0 39
1673951309887 46304.0 40
1673951324944 46784.0 41
1673951339045 46752.0 42
1673951353099 46040.0 43
1673951368155 44632.0 44
1673951383223 46968.0 45
1673951397620 45464.0 46
1673951411675 42464.0 47
1673951426681 43176.0 48
1673951440767 42408.0 49
1673951455802 31512.0 50
1673951470918 30712.0 51
1673951486003 30048.0 52
1673951501400 29256.0 53
1673951516412 29840.0 54
1673951530493 29680.0 55
1673951544452 28904.0 56
1673951559445 29208.0 57
1673951573465 28880.0 58
1673951588474 28848.0 59
1673951603508 29944.0 60
1673951617700 29024.0 61
1673951631798 29072.0 62
1673951645760 28976.0 63
1673951659736 27920.0 64
1673951674684 29232.0 65
1673951688742 28584.0 66
1673951702934 28376.0 67
1673951717114 28400.0 68
1673951731130 27688.0 69
1673951746136 27760.0 70
1673951760150 27968.0 71
1673951774169 28440.0 72
1673951788377 27728.0 73
1673951802371 28176.0 74
1673951816334 27096.0 75
1673951831577 27184.0 76
1673951848131 26704.0 77
1673951863666 27624.0 78
1673951878004 26544.0 79
1673951893053 26576.0 80
1673951913050 26544.0 81
1673951938712 24912.0 82
1673951966516 25368.0 83
1673951992936 26200.0 84
1673952019485 25128.0 85
1673952045294 24800.0 86
1673952072728 26504.0 87
1673952097831 27040.0 88
1673952124085 23744.0 89
1673952151875 24560.0 90
1673952177677 25288.0 91
1673952204472 24384.0 92
1673952232101 23968.0 93
1673952258198 23296.0 94
1673952285179 23584.0 95
1673952311019 23072.0 96
1673952340856 22768.0 97
1673952367491 23416.0 98
1673952392873 23120.0 99
1673952418099 23456.0 100
1673952444515 22328.0 101
1673952473521 21976.0 102
1673952500755 23280.0 103
1673952526209 22184.0 104
1673952552270 22512.0 105
1673952580222 20808.0 106
1673952607695 20864.0 107
1673952633751 22104.0 108
1673952658779 21808.0 109
1673952685023 21456.0 110
1673952710816 21264.0 111
1673952736853 21816.0 112
1673952762737 22048.0 113
1673952788377 21128.0 114
1673952814043 20424.0 115
1673952841218 20144.0 116
1673952868496 21112.0 117
1673952893977 21048.0 118
1673952919562 19960.0 119
1673952947140 20144.0 120
1673952975173 20352.0 121
1673953000789 19472.0 122
1673953028368 17080.0 123
1673953057188 17544.0 124
1673953076738 16784.0 125
1673953091806 16112.0 126
1673953106704 16800.0 127
1673953120544 16272.0 128
1673953134392 16296.0 129
1673953148197 16600.0 130
1673953163697 16112.0 131
1673953179424 15536.0 132
1673953194224 16544.0 133
1673953208126 16000.0 134
1673953222197 16440.0 135
1673953235975 16184.0 136
1673953249805 16344.0 137
1673953263645 16856.0 138
1673953277413 17056.0 139
1673953291217 17280.0 140
1673953304952 16712.0 141
1673953318706 18184.0 142
1673953332476 18704.0 143
1673953346220 18880.0 144
1673953359908 19200.0 145
1673953373827 19800.0 146
1673953387709 20152.0 147
1673953401419 20816.0 148
1673953415195 21072.0 149
