1673990228835 8933962.0 0
1673990252841 7981186.0 1
1673990275852 3707006.0 2
1673990298699 3703752.0 3
1673990321279 3860094.0 4
1673990342656 3858118.0 5
1673990364424 3211858.0 6
1673990387697 2852864.0 7
1673990410607 2892420.0 8
1673990436170 2838328.0 9
1673990458713 2830540.0 10
1673990480953 2766476.0 11
1673990503612 2860844.0 12
1673990524669 2820260.0 13
1673990545609 2786704.0 14
1673990566608 2700336.0 15
1673990588934 2698956.0 16
1673990611057 2741260.0 17
1673990632087 1076484.0 18
1673990653832 21696.0 19
1673990675064 19248.0 20
1673990697267 20528.0 21
1673990715892 20952.0 22
1673990736971 20104.0 23
1673990757001 19400.0 24
1673990779021 19448.0 25
1673990797744 19392.0 26
1673990817111 19360.0 27
1673990837422 20176.0 28
1673990858092 19280.0 29
1673990878329 19352.0 30
1673990898878 18976.0 31
1673990920762 19352.0 32
1673990941679 19424.0 33
1673990964186 18280.0 34
1673990987578 18368.0 35
1673991009213 18944.0 36
1673991029559 19240.0 37
1673991050231 18504.0 38
1673991071543 19400.0 39
1673991092131 18840.0 40
1673991112836 18744.0 41
1673991134099 18360.0 42
1673991154691 18352.0 43
1673991175751 18504.0 44
1673991196536 18480.0 45
1673991217466 17776.0 46
1673991239502 18712.0 47
1673991260126 17984.0 48
1673991280615 17504.0 49
1673991302489 18192.0 50
1673991323530 17568.0 51
1673991344128 18152.0 52
1673991364749 18584.0 53
1673991385416 17384.0 54
1673991407700 17696.0 55
1673991429116 17880.0 56
1673991449373 17512.0 57
1673991470008 17120.0 58
1673991492414 17328.0 59
1673991513266 17368.0 60
1673991531759 17032.0 61
1673991554530 17400.0 62
1673991573878 17160.0 63
1673991592013 17200.0 64
1673991610116 17264.0 65
1673991628401 17608.0 66
1673991646179 16896.0 67
1673991665983 17376.0 68
1673991683969 17192.0 69
1673991702447 16432.0 70
1673991721970 16032.0 71
1673991742036 16208.0 72
1673991760232 16032.0 73
1673991779921 15992.0 74
1673991799595 15624.0 75
1673991820225 16312.0 76
1673991839689 16032.0 77
1673991858369 15448.0 78
1673991878967 15840.0 79
1673991897280 16328.0 80
1673991916589 15808.0 81
1673991935230 15256.0 82
1673991954896 15968.0 83
1673991976802 15512.0 84
1673991998775 15664.0 85
1673992022931 14808.0 86
1673992044338 14672.0 87
1673992064690 15448.0 88
1673992083889 14144.0 89
1673992104593 14456.0 90
1673992126054 14128.0 91
1673992147661 14368.0 92
1673992167470 14600.0 93
1673992186190 13352.0 94
1673992207512 13672.0 95
1673992226711 13616.0 96
1673992246452 13608.0 97
1673992266007 14296.0 98
1673992284337 10688.0 99
1673992306160 10192.0 100
1673992326418 11184.0 101
1673992344522 10584.0 102
1673992364207 10368.0 103
1673992384855 10376.0 104
1673992406451 10456.0 105
1673992430180 10064.0 106
1673992454332 9056.0 107
1673992478324 8112.0 108
1673992501826 7368.0 109
1673992526174 7880.0 110
1673992548186 6888.0 111
1673992571742 6592.0 112
1673992596525 6184.0 113
1673992619534 5536.0 114
1673992643941 5464.0 115
1673992667343 5144.0 116
1673992689859 5120.0 117
1673992708323 4848.0 118
1673992727569 5368.0 119
1673992745950 5992.0 120
1673992763655 6056.0 121
1673992780360 4744.0 122
1673992797086 4936.0 123
1673992815736 4544.0 124
1673992835425 4248.0 125
1673992861490 5464.0 126
1673992888198 7592.0 127
1673992917321 6064.0 128
1673992950312 3456.0 129
1673992982794 4680.0 130
1673993013487 4240.0 131
1673993043251 4016.0 132
1673993071530 3368.0 133
1673993099882 3376.0 134
1673993126474 2864.0 135
1673993155256 2976.0 136
1673993183532 3000.0 137
1673993211556 3992.0 138
1673993238441 2464.0 139
1673993267379 2072.0 140
1673993300305 2280.0 141
1673993321966 1712.0 142
1673993343856 1592.0 143
1673993365804 1456.0 144
1673993385517 1184.0 145
1673993405353 968.0 146
1673993424889 888.0 147
1673993444410 624.0 148
1673993464088 512.0 149
