1673893190981 77836.5234375 0
1673893191032 67976.4921875 1
1673893191078 59198.09375 2
1673893191110 26828.1875 3
1673893191157 52341.015625 4
1673893191188 50086.625 5
1673893191220 47997.1875 6
1673893191251 46914.40625 7
1673893191282 46214.875 8
1673893191314 44575.09375 9
1673893191345 44392.0625 10
1673893191392 43090.25 11
1673893191423 42969.125 12
1673893191454 42167.5625 13
1673893191485 41919.5625 14
1673893191517 20608.5 15
1673893191564 20221.125 16
1673893191595 20178.6875 17
1673893191642 20035.5625 18
1673893191682 39679.8125 19
1673893191729 39576.0 20
1673893191760 39305.9375 21
1673893191791 19355.1875 22
1673893191838 38562.1875 23
1673893191869 38115.4375 24
1673893191901 37799.25 25
1673893191932 37365.375 26
1673893191963 36764.625 27
1673893192010 36687.25 28
1673893192041 36242.75 29
1673893192072 36361.375 30
1673893192105 35850.375 31
1673893192136 36276.5 32
1673893192167 18044.625 33
1673893192214 35633.75 34
1673893192245 35224.125 35
1673893192276 35144.375 36
1673893192323 35407.125 37
1673893192358 34990.625 38
1673893192390 34828.625 39
1673893192421 17446.125 40
1673893192452 34334.125 41
1673893192499 34607.875 42
1673893192530 34382.875 43
1673893192562 34027.625 44
1673893192594 17237.25 45
1673893192640 17011.875 46
1673893192672 17048.75 47
1673893192703 33849.875 48
1673893192734 33998.875 49
1673893192781 33716.375 50
1673893192812 16756.0 51
1673893192843 33891.75 52
1673893192890 33704.375 53
1673893192922 33560.625 54
1673893192953 33240.5 55
1673893192984 33150.75 56
1673893193015 33765.375 57
1673893193047 33040.5 58
1673893193092 32860.0 59
1673893193126 32434.25 60
1673893193157 32813.75 61
1673893193188 32467.25 62
1673893193220 32616.0 63
1673893193251 32622.25 64
1673893193299 32653.25 65
1673893193330 32307.75 66
1673893193361 32351.5 67
1673893193392 16149.5 68
1673893193424 32030.0 69
1673893193470 32240.0 70
1673893193502 32109.25 71
1673893193533 31977.75 72
1673893193564 16018.25 73
1673893193595 31984.75 74
1673893193642 16183.25 75
1673893193674 31928.75 76
1673893193705 31717.5 77
1673893193740 15919.5 78
1673893193771 16046.75 79
1673893193818 31608.0 80
1673893193850 31536.5 81
1673893193881 31620.75 82
1673893193912 15741.25 83
1673893193960 31613.0 84
1673893193991 15580.75 85
1673893194022 31618.0 86
1673893194054 31211.25 87
1673893194100 31347.75 88
1673893194132 31201.25 89
1673893194163 31368.0 90
1673893194194 31399.5 91
1673893194225 15709.0 92
1673893194272 15729.75 93
1673893194303 31233.25 94
1673893194335 31231.75 95
1673893194366 15485.0 96
1673893194413 31372.75 97
1673893194444 30943.0 98
1673893194475 31036.0 99
1673893194507 30723.75 100
1673893194547 30626.0 101
1673893194578 15561.0 102
1673893194610 30617.25 103
1673893194641 15287.75 104
1673893194688 15446.5 105
1673893194719 30983.75 106
1673893194751 30586.0 107
1673893194798 30617.25 108
1673893194829 15425.0 109
1673893194860 30617.0 110
1673893194892 15378.25 111
1673893194923 15213.0 112
1673893194970 30298.0 113
1673893195001 15235.5 114
1673893195032 30455.5 115
1673893195063 15499.0 116
1673893195098 30518.5 117
1673893195130 15432.5 118
1673893195161 15218.5 119
1673893195208 15203.75 120
1673893195239 15256.0 121
1673893195270 15115.5 122
1673893195318 15197.5 123
1673893195349 30296.0 124
1673893195380 30205.0 125
1673893195412 30395.5 126
1673893195459 15063.75 127
1673893195490 30107.0 128
1673893195521 30413.75 129
1673893195552 30197.75 130
1673893195584 30286.0 131
1673893195630 30445.75 132
1673893195662 30137.5 133
1673893195693 29854.25 134
1673893195724 30211.75 135
1673893195755 29916.0 136
1673893195787 29927.25 137
1673893195833 29127.0 138
1673893195865 14399.0 139
1673893195896 28721.5 140
1673893195943 29183.0 141
1673893195974 29127.5 142
1673893196005 29195.0 143
1673893196037 14534.5 144
1673893196068 14278.0 145
1673893196115 14427.5 146
1673893196146 14455.5 147
1673893196193 14601.5 148
1673893196224 28977.5 149
