1674007746887 4752093.0 0
1674007757839 3330950.0 1
1674007768325 3692006.0 2
1674007777573 3503517.0 3
1674007786690 2247660.0 4
1674007796910 1314362.0 5
1674007807099 1304704.0 6
1674007817960 1272160.0 7
1674007829916 1276048.0 8
1674007839119 1222084.0 9
1674007849280 1209844.0 10
1674007859459 1215098.0 11
1674007868471 1225952.0 12
1674007877474 1214540.0 13
1674007886460 1193494.0 14
1674007896467 1203506.0 15
1674007905477 1157406.0 16
1674007915485 1165464.0 17
1674007924448 472992.0 18
1674007934547 437504.0 19
1674007944584 437048.0 20
1674007954561 439004.0 21
1674007963506 432124.0 22
1674007973464 439480.0 23
1674007982353 447728.0 24
1674007991248 440144.0 25
1674008000152 443420.0 26
1674008009030 441644.0 27
1674008017955 442860.0 28
1674008026795 446344.0 29
1674008035659 435056.0 30
1674008044524 439732.0 31
1674008053363 441620.0 32
1674008062216 439336.0 33
1674008071078 435832.0 34
1674008079955 447208.0 35
1674008088786 445052.0 36
1674008098096 445148.0 37
1674008106942 437768.0 38
1674008115797 436104.0 39
1674008124659 431248.0 40
1674008134935 434268.0 41
1674008143768 431568.0 42
1674008152621 434124.0 43
1674008161488 437020.0 44
1674008170236 435136.0 45
1674008179026 424680.0 46
1674008188984 428556.0 47
1674008197713 425560.0 48
1674008206487 427240.0 49
1674008215340 425296.0 50
1674008224166 427476.0 51
1674008233031 418012.0 52
1674008242909 427400.0 53
1674008251693 419132.0 54
1674008260499 415356.0 55
1674008270459 417660.0 56
1674008279265 413888.0 57
1674008289158 429492.0 58
1674008298034 412356.0 59
1674008307992 418456.0 60
1674008316871 430652.0 61
1674008325660 402108.0 62
1674008335542 419372.0 63
1674008344443 421820.0 64
1674008353259 420292.0 65
1674008362059 415512.0 66
1674008370820 411464.0 67
1674008379595 404128.0 68
1674008388344 415148.0 69
1674008397104 420864.0 70
1674008405837 407940.0 71
1674008414576 404356.0 72
1674008423343 408808.0 73
1674008432049 411184.0 74
1674008440768 411060.0 75
1674008449537 406988.0 76
1674008458243 407596.0 77
1674008466963 414560.0 78
1674008475708 408888.0 79
1674008484500 417152.0 80
1674008493234 408268.0 81
1674008501976 404220.0 82
1674008510729 412600.0 83
1674008519738 405888.0 84
1674008528481 415464.0 85
1674008537259 413524.0 86
1674008545899 408448.0 87
