1674091314212 6271798.0 0
1674091333461 5388942.0 1
1674091354801 4388459.0 2
1674091374643 2455485.0 3
1674091395265 2204228.0 4
1674091415960 2194320.0 5
1674091437293 2135902.0 6
1674091457779 2095074.0 7
1674091478232 2074798.0 8
1674091498749 2062312.0 9
1674091519527 2181874.0 10
1674091537556 1785352.0 11
1674091556459 1754276.0 12
1674091577258 1754004.0 13
1674091598529 1623232.0 14
1674091619530 1714884.0 15
1674091637902 1722992.0 16
1674091656126 1699056.0 17
1674091674611 1619360.0 18
1674091695165 1699548.0 19
1674091713155 1611396.0 20
1674091732253 1547868.0 21
1674091752271 1518824.0 22
1674091772180 1540080.0 23
1674091788889 1530088.0 24
1674091807151 1496888.0 25
1674091828489 1502184.0 26
1674091847081 1449216.0 27
1674091868024 1476676.0 28
1674091885930 1423140.0 29
1674091906228 1369656.0 30
1674091925577 1413068.0 31
1674091942975 467652.0 32
1674091963023 94312.0 33
1674091982219 96840.0 34
1674091999568 96368.0 35
1674092018810 89256.0 36
1674092039809 94336.0 37
1674092057503 91088.0 38
1674092075071 91872.0 39
1674092093061 90568.0 40
1674092110717 91520.0 41
1674092127132 91512.0 42
1674092144799 89792.0 43
1674092160884 90904.0 44
1674092178370 92160.0 45
1674092197507 94152.0 46
1674092216393 85488.0 47
1674092236692 92504.0 48
1674092254411 86384.0 49
1674092272023 90256.0 50
1674092290215 87936.0 51
1674092306272 86184.0 52
1674092324151 87992.0 53
1674092339979 87248.0 54
1674092357389 85184.0 55
1674092377392 82840.0 56
1674092397404 84592.0 57
1674092414310 84480.0 58
1674092432717 85328.0 59
1674092449273 84848.0 60
1674092466883 87408.0 61
1674092484652 82200.0 62
1674092504625 83744.0 63
1674092522355 87152.0 64
1674092539910 83800.0 65
1674092557590 82832.0 66
1674092575144 81488.0 67
1674092596357 80912.0 68
1674092615920 80392.0 69
1674092636264 83344.0 70
1674092653747 82760.0 71
1674092671445 78576.0 72
1674092690644 81336.0 73
1674092708282 78768.0 74
1674092725754 80392.0 75
1674092743231 77496.0 76
1674092762878 77560.0 77
1674092780763 78696.0 78
1674092798196 77152.0 79
1674092818517 77208.0 80
1674092836196 79144.0 81
1674092853834 75856.0 82
1674092873588 76944.0 83
1674092891210 77024.0 84
1674092908707 73832.0 85
1674092927616 76760.0 86
1674092944824 77056.0 87
1674092961269 74976.0 88
1674092978654 75264.0 89
1674092995953 72032.0 90
1674093015198 74624.0 91
1674093034039 71400.0 92
1674093052691 75280.0 93
1674093070185 73568.0 94
1674093087434 72968.0 95
1674093104954 73712.0 96
1674093122626 72880.0 97
1674093139684 73728.0 98
1674093156954 71496.0 99
1674093174231 71984.0 100
1674093189777 72040.0 101
1674093208367 73056.0 102
1674093227035 68640.0 103
1674093247062 73016.0 104
1674093264248 72744.0 105
1674093281703 68704.0 106
1674093299149 68768.0 107
1674093317543 67936.0 108
1674093337581 73768.0 109
1674093354915 73280.0 110
1674093370717 72216.0 111
1674093389592 70920.0 112
1674093407797 70328.0 113
1674093424005 71312.0 114
1674093441304 73744.0 115
1674093456826 71952.0 116
1674093473832 72032.0 117
1674093490799 73616.0 118
1674093508026 71288.0 119
1674093525314 75320.0 120
1674093542337 73488.0 121
1674093559693 72560.0 122
1674093577128 73456.0 123
1674093594391 69344.0 124
1674093611581 74952.0 125
1674093629037 71744.0 126
1674093646366 73376.0 127
1674093663930 75760.0 128
1674093680939 73744.0 129
1674093698430 77520.0 130
1674093715641 74720.0 131
1674093732893 78968.0 132
1674093750302 74088.0 133
