1675102797803 54213.38671875 0
1675102797850 39329.00390625 1
1675102797881 35979.140625 2
1675102797928 33695.640625 3
1675102797975 32051.40625 4
1675102798006 30797.59375 5
1675102798063 29667.546875 6
1675102798091 28544.6875 7
1675102798138 27659.90625 8
1675102798170 26902.09375 9
1675102798225 26100.71875 10
1675102798264 25912.5 11
1675102798308 25143.125 12
1675102798345 24633.125 13
1675102798391 24167.375 14
1675102798428 23610.40625 15
1675102798489 23162.96875 16
1675102798529 22911.6875 17
1675102798578 22282.3125 18
1675102798611 22339.5625 19
1675102798660 22065.875 20
1675102798708 22039.0 21
1675102798756 21619.875 22
1675102798791 14877.25 23
1675102798838 21191.625 24
1675102798869 21269.9375 25
1675102798916 20925.1875 26
1675102798971 20826.5 27
1675102799008 14230.875 28
1675102799041 20287.0625 29
1675102799073 20420.4375 30
1675102799120 20339.9375 31
1675102799155 20429.375 32
1675102799186 13981.4375 33
1675102799217 20026.625 34
1675102799264 19859.5625 35
1675102799296 19809.9375 36
1675102799327 19550.8125 37
1675102799358 13588.6875 38
1675102799405 19568.0 39
1675102799436 19617.75 40
1675102799467 13310.4375 41
1675102799519 19527.5625 42
1675102799559 19405.8125 43
1675102799590 18958.875 44
1675102799621 12958.875 45
1675102799652 12980.125 46
1675102799684 12909.375 47
1675102799730 12882.875 48
1675102799762 18549.75 49
1675102799793 18592.125 50
1675102799840 12796.875 51
1675102799871 18616.625 52
1675102799902 18613.25 53
1675102799933 18514.375 54
1675102799965 12738.5 55
1675102800021 18567.125 56
1675102800055 18093.5 57
1675102800086 18314.875 58
1675102800125 18427.0 59
1675102800160 18925.375 60
1675102800192 12492.75 61
1675102800241 12645.375 62
1675102800275 18334.5 63
1675102800307 12352.25 64
1675102800377 18143.75 65
1675102800450 12337.375 66
1675102800517 18083.125 67
1675102800555 12358.0 68
1675102800595 17978.0 69
1675102800630 18158.25 70
1675102800666 18034.375 71
1675102800701 17750.75 72
1675102800735 17696.5 73
1675102800771 12405.0 74
1675102800808 12224.875 75
1675102800852 17561.25 76
1675102800890 17712.375 77
1675102800926 17786.875 78
1675102800958 11961.75 79
1675102801000 12192.5 80
1675102801035 12210.75 81
1675102801072 17879.25 82
1675102801106 12150.0 83
1675102801139 11857.875 84
1675102801175 12271.875 85
1675102801213 17819.625 86
1675102801249 11910.0 87
1675102801284 17466.875 88
1675102801318 12112.0 89
1675102801354 17121.25 90
1675102801394 17444.5 91
1675102801432 17345.25 92
1675102801466 17215.25 93
1675102801499 11806.75 94
1675102801539 17174.375 95
1675102801576 11805.875 96
1675102801618 17125.375 97
1675102801653 17188.875 98
1675102801685 17216.5 99
1675102801718 17203.375 100
1675102801756 11831.125 101
1675102801793 17162.375 102
1675102801830 17100.25 103
1675102801865 16992.0 104
1675102801899 17005.75 105
1675102801927 17198.875 106
1675102801970 11669.625 107
1675102802011 17079.875 108
1675102802046 16948.125 109
1675102802084 16858.25 110
1675102802132 16543.75 111
1675102802171 16496.5 112
1675102802210 16328.0 113
1675102802250 16409.75 114
1675102802274 16279.25 115
1675102802305 11135.5 116
1675102802355 16543.0 117
1675102802389 16467.0 118
1675102802421 16363.5 119
1675102802464 16166.5 120
1675102802499 11164.75 121
1675102802523 16261.5 122
1675102802555 16303.5 123
1675102802586 16242.5 124
1675102802634 16379.5 125
1675102802661 16281.25 126
1675102802701 15926.25 127
1675102802740 11111.0 128
1675102802780 16083.75 129
1675102802814 16135.25 130
1675102802843 16108.5 131
1675102802885 11010.75 132
1675102802922 11041.0 133
1675102802960 11075.5 134
1675102802993 15897.0 135
1675102803024 16150.0 136
1675102803056 15990.5 137
1675102803088 16066.25 138
1675102803119 15936.5 139
1675102803159 15897.25 140
1675102803174 15939.0 141
1675102803205 16029.25 142
1675102803236 16013.75 143
1675102803267 15756.5 144
1675102803299 10992.0 145
1675102803349 15883.0 146
1675102803377 10996.5 147
1675102803428 16044.5 148
1675102803457 10949.75 149
