1674010255803 4765955.0 0
1674010267236 3476110.0 1
1674010278443 3967047.0 2
1674010288216 3702521.0 3
1674010297870 2046523.0 4
1674010308947 1549128.0 5
1674010320108 1507854.0 6
1674010331232 1512426.0 7
1674010340834 1587570.0 8
1674010350419 1576286.0 9
1674010359754 1609106.0 10
1674010369187 1637126.0 11
1674010378563 1579444.0 12
1674010387953 1631022.0 13
1674010397970 1479902.0 14
1674010409907 746236.0 15
1674010420975 750728.0 16
1674010430250 719628.0 17
1674010441023 726316.0 18
1674010450287 741860.0 19
1674010459805 730408.0 20
1674010469020 732708.0 21
1674010478128 728660.0 22
1674010487514 706148.0 23
1674010498293 714128.0 24
1674010507467 708940.0 25
1674010516624 722848.0 26
1674010525741 729272.0 27
1674010534978 717648.0 28
1674010544393 715268.0 29
1674010553542 714732.0 30
1674010562687 721916.0 31
1674010571843 731044.0 32
1674010582310 704496.0 33
1674010594467 715224.0 34
1674010603567 707712.0 35
1674010612679 717992.0 36
1674010621751 722712.0 37
1674010630825 695844.0 38
1674010641701 705604.0 39
1674010650808 727900.0 40
1674010659847 710752.0 41
1674010669060 713104.0 42
1674010678158 710216.0 43
1674010687265 712468.0 44
1674010696350 719604.0 45
1674010705438 716760.0 46
1674010714662 690332.0 47
1674010725308 715748.0 48
1674010734361 701976.0 49
1674010743463 707184.0 50
1674010752574 689348.0 51
1674010763327 704576.0 52
1674010772390 696548.0 53
1674010781349 698976.0 54
1674010790432 696748.0 55
1674010799528 700496.0 56
1674010808651 698052.0 57
1674010818532 688888.0 58
1674010830074 689396.0 59
1674010839535 695348.0 60
1674010848538 676024.0 61
1674010859034 173800.0 62
1674010869536 177152.0 63
1674010878578 167528.0 64
1674010889073 174528.0 65
1674010898078 170560.0 66
1674010907083 170344.0 67
1674010916218 167216.0 68
1674010926816 160136.0 69
1674010937281 169624.0 70
1674010946327 164720.0 71
1674010955352 163032.0 72
1674010964339 162680.0 73
1674010973346 160232.0 74
1674010982353 156040.0 75
1674010992935 160088.0 76
1674011003375 155424.0 77
1674011014491 153256.0 78
1674011025007 155192.0 79
1674011033998 156080.0 80
1674011042996 155752.0 81
1674011052055 151232.0 82
1674011062709 156416.0 83
1674011071695 153784.0 84
1674011080637 150312.0 85
1674011091110 151792.0 86
1674011100262 148400.0 87
1674011110765 144288.0 88
1674011121313 145744.0 89
1674011130281 142312.0 90
1674011140786 139464.0 91
1674011151205 141760.0 92
1674011160144 141304.0 93
1674011169083 139432.0 94
1674011180464 139632.0 95
1674011190716 136800.0 96
1674011201310 135776.0 97
1674011211690 131712.0 98
1674011222117 130296.0 99
1674011232576 139112.0 100
1674011241448 136232.0 101
1674011250389 132488.0 102
1674011259271 129712.0 103
1674011269701 125408.0 104
1674011280106 128728.0 105
1674011289035 125592.0 106
1674011297897 125944.0 107
1674011306772 122800.0 108
1674011317174 119320.0 109
1674011327471 117384.0 110
1674011337837 116104.0 111
1674011347608 117984.0 112
1674011356463 117544.0 113
1674011365508 117448.0 114
1674011374306 114144.0 115
1674011384026 111072.0 116
1674011393797 107672.0 117
1674011403630 106360.0 118
1674011413473 105448.0 119
1674011424961 109368.0 120
1674011434283 105120.0 121
1674011444055 99968.0 122
1674011453989 98872.0 123
1674011465488 97032.0 124
1674011475996 98128.0 125
1674011484870 97568.0 126
1674011493757 93864.0 127
1674011504098 90928.0 128
1674011514504 87808.0 129
1674011524849 90312.0 130
1674011533651 83616.0 131
1674011543432 81328.0 132
1674011553188 82616.0 133
1674011561944 77952.0 134
1674011571692 78064.0 135
1674011580438 72616.0 136
1674011590211 71256.0 137
1674011601037 68080.0 138
1674011612020 67704.0 139
1674011621773 65616.0 140
1674011631484 61576.0 141
1674011641458 58776.0 142
1674011652821 55864.0 143
1674011663274 53432.0 144
1674011673604 51048.0 145
1674011683885 46736.0 146
1674011694469 45024.0 147
1674011704121 40640.0 148
1674011713895 38448.0 149
