1673892822990 126069.5625 0
1673892823037 96918.515625 1
1673892823084 91100.921875 2
1673892823138 87750.0625 3
1673892823185 42644.9375 4
1673892823240 41914.90625 5
1673892823289 40966.78125 6
1673892823336 80473.1875 7
1673892823368 53184.6875 8
1673892823414 39537.4375 9
1673892823473 79110.125 10
1673892823531 78146.875 11
1673892823579 38778.875 12
1673892823621 38454.1875 13
1673892823667 37776.5 14
1673892823738 37167.3125 15
1673892823787 74278.0 16
1673892823819 36579.0 17
1673892823866 73201.375 18
1673892823912 35837.25 19
1673892823971 71179.375 20
1673892824017 70260.0 21
1673892824064 34939.125 22
1673892824111 69425.25 23
1673892824158 34523.875 24
1673892824218 69015.125 25
1673892824253 34386.75 26
1673892824300 34399.25 27
1673892824347 34164.75 28
1673892824394 34007.25 29
1673892824455 33980.75 30
1673892824503 33850.875 31
1673892824550 68041.375 32
1673892824581 33917.125 33
1673892824628 33776.625 34
1673892824681 67293.875 35
1673892824720 33666.75 36
1673892824767 33565.0 37
1673892824814 66545.125 38
1673892824861 66271.25 39
1673892824910 32905.0 40
1673892824953 33073.5 41
1673892825000 65517.75 42
1673892825032 32733.5 43
1673892825095 32877.25 44
1673892825140 65113.25 45
1673892825183 65152.75 46
1673892825219 32623.25 47
1673892825266 32462.25 48
1673892825313 64949.75 49
1673892825361 64858.75 50
1673892825407 32422.75 51
1673892825457 65213.5 52
1673892825509 64574.25 53
1673892825557 32266.75 54
1673892825608 64662.75 55
1673892825658 32356.25 56
1673892825708 64417.0 57
1673892825759 64453.5 58
1673892825809 32082.5 59
1673892825874 64350.75 60
1673892825908 32112.5 61
1673892825958 32130.75 62
1673892826008 32059.25 63
1673892826073 31950.0 64
1673892826129 32024.75 65
1673892826174 63702.75 66
1673892826217 64026.75 67
1673892826263 32090.0 68
1673892826309 31989.5 69
1673892826337 31919.75 70
1673892826399 63619.25 71
1673892826441 31780.0 72
1673892826494 31886.75 73
1673892826535 63773.25 74
1673892826566 31817.75 75
1673892826613 31669.5 76
1673892826672 31916.0 77
1673892826704 63380.5 78
1673892826750 31631.0 79
1673892826797 31759.5 80
1673892826844 31852.0 81
1673892826890 31696.75 82
1673892826934 63121.0 83
1673892826969 31614.25 84
1673892827016 29698.5 85
1673892827063 28397.5 86
1673892827120 28205.0 87
1673892827167 28197.5 88
1673892827214 28303.0 89
1673892827261 28300.0 90
1673892827292 56400.5 91
1673892827345 28132.5 92
1673892827387 56407.5 93
1673892827434 28247.5 94
1673892827466 56428.0 95
1673892827512 27956.5 96
1673892827571 28035.5 97
1673892827615 28052.5 98
1673892827652 28098.5 99
1673892827699 28238.0 100
1673892827730 27999.5 101
1673892827784 28127.0 102
1673892827826 28027.0 103
1673892827869 28068.5 104
1673892827900 27972.0 105
1673892827947 55870.5 106
1673892827997 27730.0 107
1673892828037 27931.0 108
1673892828084 27994.0 109
1673892828130 55780.5 110
1673892828177 55910.5 111
1673892828224 55431.0 112
1673892828254 55516.5 113
1673892828301 27579.0 114
1673892828348 27672.5 115
1673892828395 27554.5 116
1673892828438 27533.5 117
1673892828495 55335.0 118
1673892828535 55139.5 119
1673892828566 54868.5 120
1673892828613 55020.5 121
1673892828663 54930.5 122
1673892828704 27545.0 123
1673892828751 27697.0 124
1673892828798 54885.0 125
1673892828829 54750.5 126
1673892828882 27389.0 127
1673892828921 54473.5 128
1673892828967 27297.0 129
1673892829014 27544.0 130
1673892829061 27288.5 131
1673892829108 54679.5 132
1673892829154 54323.5 133
1673892829186 54416.5 134
1673892829232 27250.0 135
1673892829279 26998.5 136
1673892829331 27133.0 137
1673892829370 27294.5 138
1673892829402 27212.5 139
1673892829449 54303.0 140
1673892829495 27012.0 141
1673892829542 54219.0 142
1673892829587 26900.5 143
1673892829633 27151.0 144
1673892829665 26958.5 145
1673892829712 27008.5 146
1673892829762 53874.0 147
1673892829804 53825.5 148
1673892829835 53645.0 149
