1673893101184 51968.4921875 0
1673893101231 92560.3359375 1
1673893101278 40489.390625 2
1673893101324 36766.578125 3
1673893101371 34290.125 4
1673893101418 32974.640625 5
1673893101465 64018.03125 6
1673893101496 62412.25 7
1673893101543 30571.875 8
1673893101590 29700.25 9
1673893101637 59634.78125 10
1673893101668 28779.1875 11
1673893101715 29155.6875 12
1673893101762 28789.9375 13
1673893101793 57609.0625 14
1673893101840 57754.9375 15
1673893101896 56794.375 16
1673893101927 28368.1875 17
1673893101974 28667.1875 18
1673893102021 28994.875 19
1673893102052 56603.5 20
1673893102099 28803.5 21
1673893102146 28646.9375 22
1673893102177 28438.5625 23
1673893102224 28169.1875 24
1673893102272 56517.375 25
1673893102312 28051.5 26
1673893102359 27894.5 27
1673893102405 28351.125 28
1673893102452 28363.75 29
1673893102484 27973.5 30
1673893102531 55801.75 31
1673893102563 55946.125 32
1673893102609 55816.75 33
1673893102641 28091.375 34
1673893102687 55340.75 35
1673893102734 27677.5 36
1673893102781 28132.0 37
1673893102812 28133.625 38
1673893102859 27832.0 39
1673893102906 28277.0 40
1673893102931 55251.125 41
1673893102978 27626.625 42
1673893103035 28336.625 43
1673893103063 28075.5 44
1673893103110 55378.25 45
1673893103158 27707.875 46
1673893103189 27539.875 47
1673893103236 27258.875 48
1673893103283 27733.0 49
1673893103330 55273.75 50
1673893103377 55417.0 51
1673893103408 27696.0 52
1673893103455 26804.75 53
1673893103502 25260.0 54
1673893103549 25239.5 55
1673893103595 50886.75 56
1673893103642 26016.5 57
1673893103689 25410.0 58
1673893103720 25473.0 59
1673893103767 50096.0 60
1673893103814 50825.0 61
1673893103861 25496.75 62
1673893103908 51356.25 63
1673893103955 25458.75 64
1673893104002 25571.75 65
1673893104033 25536.0 66
1673893104080 25477.0 67
1673893104127 50749.0 68
1673893104169 25217.0 69
1673893104231 25847.0 70
1673893104262 50853.0 71
1673893104309 25709.75 72
1673893104356 50640.75 73
1673893104403 50878.75 74
1673893104450 51444.25 75
1673893104482 51035.0 76
1673893104529 50719.5 77
1673893104576 50764.75 78
1673893104623 25469.75 79
1673893104669 50553.0 80
1673893104716 50754.5 81
1673893104763 25304.5 82
1673893104794 25112.5 83
1673893104857 25720.0 84
1673893104904 50579.5 85
1673893104935 50708.75 86
1673893104982 50065.0 87
1673893105029 50329.0 88
1673893105076 50945.0 89
1673893105123 50793.25 90
1673893105169 25758.0 91
1673893105201 50494.0 92
1673893105247 50793.0 93
1673893105294 51124.0 94
1673893105341 25140.25 95
1673893105372 50542.75 96
1673893105419 50775.0 97
1673893105466 25112.25 98
1673893105513 25303.75 99
1673893105560 25122.75 100
1673893105607 25230.25 101
1673893105654 50396.5 102
1673893105700 50397.5 103
1673893105747 25746.5 104
1673893105779 25379.25 105
1673893105825 25461.5 106
1673893105872 25293.25 107
1673893105919 47484.5 108
1673893105966 21914.5 109
1673893106013 43737.5 110
1673893106060 44037.5 111
1673893106107 21806.0 112
1673893106153 43805.5 113
1673893106200 22022.0 114
1673893106247 22035.0 115
1673893106294 22004.0 116
1673893106325 43962.5 117
1673893106372 44010.0 118
1673893106419 21621.0 119
1673893106466 43943.5 120
1673893106513 43667.0 121
1673893106560 21878.5 122
1673893106607 21740.5 123
1673893106653 43490.5 124
1673893106685 43427.0 125
1673893106731 21718.0 126
1673893106778 21872.0 127
1673893106825 21747.5 128
1673893106872 43347.0 129
1673893106919 43387.0 130
1673893106950 21543.5 131
1673893107013 43691.0 132
1673893107044 43565.5 133
1673893107091 43003.5 134
1673893107138 21816.5 135
1673893107184 21612.5 136
1673893107231 21538.0 137
1673893107278 42729.5 138
1673893107325 43012.0 139
1673893107372 21299.5 140
1673893107419 43460.5 141
1673893107466 43257.0 142
1673893107513 21353.0 143
1673893107544 21574.0 144
1673893107591 21615.5 145
1673893107638 42660.5 146
1673893107684 21313.0 147
1673893107731 42972.5 148
1673893107762 21491.5 149
