1673896262825 93197.5078125 0
1673896262872 54347.3203125 1
1673896262903 46739.296875 2
1673896262950 42016.15625 3
1673896262997 38921.78125 4
1673896263028 36369.28125 5
1673896263075 24052.3125 6
1673896263106 33922.53125 7
1673896263137 22090.84375 8
1673896263169 21622.3125 9
1673896263216 30532.78125 10
1673896263247 29715.75 11
1673896263278 29263.90625 12
1673896263325 29034.09375 13
1673896263356 19432.0 14
1673896263387 28151.9375 15
1673896263419 27583.0 16
1673896263450 27750.0 17
1673896263481 27022.0 18
1673896263528 26860.25 19
1673896263559 26782.3125 20
1673896263590 26355.625 21
1673896263623 26135.5 22
1673896263670 25921.6875 23
1673896263701 25920.5 24
1673896263732 25664.75 25
1673896263763 25453.1875 26
1673896263805 17505.9375 27
1673896263852 25329.25 28
1673896263883 25424.4375 29
1673896263915 25582.5625 30
1673896263947 25093.875 31
1673896263978 24547.625 32
1673896264025 24691.3125 33
1673896264056 24330.75 34
1673896264087 23751.25 35
1673896264119 24060.125 36
1673896264150 24017.125 37
1673896264181 16300.0 38
1673896264228 23534.125 39
1673896264259 23329.0 40
1673896264290 23268.875 41
1673896264322 23550.25 42
1673896264353 15990.0 43
1673896264400 23072.0 44
1673896264431 23489.125 45
1673896264462 23385.75 46
1673896264493 22774.75 47
1673896264525 23151.75 48
1673896264572 22797.375 49
1673896264603 22848.875 50
1673896264634 15769.875 51
1673896264665 15591.125 52
1673896264696 22855.75 53
1673896264743 22827.75 54
1673896264775 22704.5 55
1673896264806 15447.25 56
1673896264837 22780.125 57
1673896264868 15399.5 58
1673896264900 22265.375 59
1673896264931 22491.25 60
1673896264962 22394.375 61
1673896264993 22080.625 62
1673896265025 15406.625 63
1673896265067 22248.625 64
1673896265099 15278.125 65
1673896265130 22130.5 66
1673896265161 22653.875 67
1673896265208 21979.875 68
1673896265224 15251.25 69
1673896265271 22030.25 70
1673896265302 21801.0 71
1673896265333 21758.625 72
1673896265364 14889.875 73
1673896265411 21768.125 74
1673896265442 21855.375 75
1673896265474 21670.5 76
1673896265505 22036.875 77
1673896265536 21628.875 78
1673896265567 14972.5 79
1673896265599 21549.125 80
1673896265630 21353.375 81
1673896265661 21645.125 82
1673896265692 21679.0 83
1673896265739 21361.5 84
1673896265770 14430.75 85
1673896265802 14358.25 86
1673896265833 20995.25 87
1673896265864 21028.5 88
1673896265895 20913.5 89
1673896265927 21082.5 90
1673896265973 20711.5 91
1673896266005 14282.5 92
1673896266036 14108.5 93
1673896266067 14225.75 94
1673896266098 20824.5 95
1673896266145 20574.75 96
1673896266177 20722.75 97
1673896266208 14110.5 98
1673896266239 20660.0 99
1673896266270 20651.25 100
1673896266302 20770.0 101
1673896266333 14398.0 102
1673896266364 20700.25 103
1673896266395 20618.5 104
1673896266426 20536.0 105
1673896266473 20372.25 106
1673896266505 20342.25 107
1673896266536 13882.25 108
1673896266567 14032.75 109
1673896266598 20261.75 110
1673896266630 20422.0 111
1673896266661 20938.0 112
1673896266692 13895.25 113
1673896266739 20264.5 114
1673896266770 13970.25 115
1673896266801 20072.5 116
1673896266833 13831.0 117
1673896266864 20306.0 118
1673896266895 20152.5 119
1673896266926 20196.5 120
1673896266958 20540.25 121
1673896266989 20040.0 122
1673896267020 13953.25 123
1673896267051 20187.5 124
1673896267083 13791.75 125
1673896267129 19991.25 126
1673896267161 13914.5 127
1673896267192 13783.0 128
1673896267223 20214.25 129
1673896267254 20174.0 130
1673896267286 13636.25 131
1673896267317 19909.25 132
1673896267364 19937.0 133
1673896267395 13533.0 134
1673896267426 19915.75 135
1673896267457 19667.0 136
1673896267489 19954.75 137
1673896267520 19748.5 138
1673896267551 13510.25 139
1673896267582 13658.25 140
1673896267614 19928.0 141
1673896267645 13550.0 142
1673896267676 19712.75 143
1673896267707 19806.0 144
1673896267739 13491.0 145
1673896267786 19648.75 146
1673896267817 19580.5 147
1673896267848 19381.75 148
1673896267879 13594.0 149
