1673941161677 9484729.0 0
1673941178193 8111717.0 1
1673941194895 3778940.0 2
1673941211312 3692052.0 3
1673941227560 3698080.0 4
1673941242700 3678144.0 5
1673941258802 3111474.0 6
1673941274878 2753464.0 7
1673941290795 2736836.0 8
1673941306767 2724864.0 9
1673941322570 2726436.0 10
1673941337483 2689752.0 11
1673941353355 2774048.0 12
1673941368240 2760236.0 13
1673941383067 2693452.0 14
1673941397984 2708476.0 15
1673941412912 2700264.0 16
1673941427763 2722972.0 17
1673941442578 1573768.0 18
1673941458419 24016.0 19
1673941474265 22568.0 20
1673941490123 22752.0 21
1673941504969 22848.0 22
1673941519837 22360.0 23
1673941535597 21016.0 24
1673941551483 20896.0 25
1673941567359 20448.0 26
1673941583120 20792.0 27
1673941597999 19880.0 28
1673941613802 20824.0 29
1673941628844 20656.0 30
1673941643821 19416.0 31
1673941659589 20096.0 32
1673941674642 19664.0 33
1673941689482 19160.0 34
1673941705286 19048.0 35
1673941721153 19400.0 36
1673941735962 19344.0 37
1673941750817 18800.0 38
1673941766585 18992.0 39
1673941781381 19064.0 40
1673941796148 17608.0 41
1673941811922 18144.0 42
1673941826705 17824.0 43
1673941841526 17856.0 44
1673941856350 16552.0 45
1673941872143 16728.0 46
1673941886983 17056.0 47
1673941901735 17608.0 48
1673941916489 18200.0 49
1673941931259 17216.0 50
1673941946023 18136.0 51
1673941960839 17336.0 52
1673941975612 17536.0 53
1673941990352 16752.0 54
1673942005156 16456.0 55
1673942020970 16160.0 56
1673942036664 17448.0 57
1673942051472 15880.0 58
1673942067213 16880.0 59
1673942082015 15864.0 60
1673942097815 16264.0 61
1673942112824 16160.0 62
1673942127633 16048.0 63
1673942142399 15408.0 64
1673942158060 15944.0 65
1673942172848 15672.0 66
1673942187689 15616.0 67
1673942202693 15256.0 68
1673942218457 15944.0 69
1673942233236 15328.0 70
1673942247964 14264.0 71
1673942263735 14096.0 72
1673942279472 14936.0 73
1673942294231 13672.0 74
1673942310006 15024.0 75
1673942324799 15048.0 76
1673942339549 14552.0 77
1673942354298 14360.0 78
1673942369032 14256.0 79
1673942383792 14616.0 80
1673942398542 13784.0 81
1673942413319 14568.0 82
1673942428114 14664.0 83
1673942442859 13456.0 84
1673942458628 13864.0 85
1673942473507 14256.0 86
1673942488351 14536.0 87
1673942503052 13960.0 88
1673942517788 14064.0 89
1673942532528 13648.0 90
1673942547239 13520.0 91
1673942561959 13768.0 92
1673942576623 13632.0 93
1673942591335 14304.0 94
1673942606055 13888.0 95
1673942620765 14296.0 96
1673942635426 14304.0 97
1673942650119 13976.0 98
1673942664792 14568.0 99
1673942679513 13192.0 100
1673942695123 13488.0 101
1673942710087 14192.0 102
1673942725084 14448.0 103
1673942739774 13776.0 104
1673942754499 13512.0 105
1673942769189 13952.0 106
1673942783822 13912.0 107
1673942798512 13864.0 108
1673942813241 13184.0 109
1673942828963 13216.0 110
1673942843749 13392.0 111
1673942858401 13568.0 112
1673942873063 13232.0 113
1673942887808 13480.0 114
1673942902478 12896.0 115
1673942918192 12920.0 116
1673942932866 13120.0 117
1673942947475 12872.0 118
1673942963170 13056.0 119
1673942977839 13104.0 120
1673942992428 12640.0 121
1673943008155 13208.0 122
1673943023022 13016.0 123
1673943037617 12848.0 124
1673943052183 12264.0 125
1673943067812 12632.0 126
1673943082506 12584.0 127
1673943097115 12384.0 128
1673943111702 12520.0 129
1673943126284 12280.0 130
1673943140836 12144.0 131
1673943156394 12048.0 132
1673943172018 11416.0 133
1673943187607 11000.0 134
1673943203218 11472.0 135
1673943217826 10912.0 136
1673943233371 10312.0 137
1673943248968 10712.0 138
1673943263578 10032.0 139
1673943279153 9600.0 140
1673943295015 9880.0 141
1673943309565 9352.0 142
1673943325057 9344.0 143
1673943340584 8464.0 144
1673943356105 9048.0 145
1673943370708 7984.0 146
1673943386165 7840.0 147
1673943401622 7072.0 148
1673943417084 7952.0 149
