1674038408174 4690595.5 0
1674038420240 3399044.5 1
1674038431841 3735682.0 2
1674038441746 3416467.0 3
1674038451044 2342529.0 4
1674038461972 1695776.0 5
1674038472861 1739640.0 6
1674038482141 1770194.0 7
1674038491264 1773164.0 8
1674038500592 1787296.0 9
1674038509592 1764802.0 10
1674038518605 1668856.0 11
1674038528978 1731064.0 12
1674038538006 1671430.0 13
1674038546920 1036052.0 14
1674038557341 849100.0 15
1674038567681 828936.0 16
1674038578211 836800.0 17
1674038587093 859896.0 18
1674038596332 835596.0 19
1674038606637 818044.0 20
1674038617213 824920.0 21
1674038626039 816308.0 22
1674038636373 817428.0 23
1674038645197 823372.0 24
1674038654023 813920.0 25
1674038664333 802468.0 26
1674038674588 810844.0 27
1674038683402 821024.0 28
1674038692185 813472.0 29
1674038700895 800372.0 30
1674038711120 806844.0 31
1674038719878 795224.0 32
1674038730077 786168.0 33
1674038740297 801196.0 34
1674038749019 783588.0 35
1674038759273 804484.0 36
1674038768105 799724.0 37
1674038777509 812028.0 38
1674038787636 772088.0 39
1674038798011 782476.0 40
1674038806846 774284.0 41
1674038815605 792780.0 42
1674038824745 791864.0 43
1674038833515 796028.0 44
1674038842221 780136.0 45
1674038850984 766892.0 46
1674038861166 775568.0 47
1674038869914 775304.0 48
1674038878640 776268.0 49
1674038887311 787380.0 50
1674038895977 772352.0 51
1674038904749 770360.0 52
1674038913540 778720.0 53
1674038922208 786704.0 54
1674038930994 777196.0 55
1674038939807 202204.0 56
1674038950308 143184.0 57
1674038960895 137504.0 58
1674038971081 138184.0 59
1674038979840 137176.0 60
1674038990239 140560.0 61
1674038998888 134344.0 62
1674039009037 137064.0 63
1674039018474 138856.0 64
1674039028434 136456.0 65
1674039037258 134816.0 66
1674039045918 136552.0 67
1674039054731 131864.0 68
1674039064852 130744.0 69
1674039074981 131128.0 70
1674039083641 132768.0 71
1674039092301 130632.0 72
1674039102408 129504.0 73
1674039112602 127160.0 74
1674039122965 124256.0 75
1674039133041 125048.0 76
1674039141729 126648.0 77
1674039150390 124056.0 78
1674039160539 126960.0 79
1674039169147 122760.0 80
1674039179174 123944.0 81
1674039187839 121176.0 82
1674039198705 122664.0 83
1674039208656 120048.0 84
1674039218807 120112.0 85
1674039227466 114032.0 86
1674039237592 117168.0 87
1674039246214 115680.0 88
1674039254850 117192.0 89
1674039263491 116744.0 90
1674039272118 115824.0 91
1674039280710 114672.0 92
1674039289332 113720.0 93
1674039299291 112296.0 94
1674039308732 110672.0 95
1674039318182 112184.0 96
1674039326641 108384.0 97
1674039336122 110000.0 98
1674039344601 110536.0 99
1674039353092 107136.0 100
1674039362538 107632.0 101
1674039371017 105208.0 102
1674039381831 104720.0 103
1674039392266 101960.0 104
1674039401954 105192.0 105
1674039410498 102696.0 106
1674039418951 104288.0 107
1674039428760 101976.0 108
1674039438638 99696.0 109
1674039448661 96640.0 110
1674039458654 99840.0 111
1674039467208 97672.0 112
1674039475751 99144.0 113
1674039484336 94000.0 114
1674039494466 94512.0 115
1674039502957 94232.0 116
1674039511410 91320.0 117
1674039521288 89216.0 118
1674039531275 91576.0 119
1674039539881 91328.0 120
1674039548419 88448.0 121
1674039558793 88472.0 122
1674039574628 87920.0 123
1674039591840 85576.0 124
1674039608776 87496.0 125
1674039625060 83248.0 126
1674039643621 84616.0 127
1674039658329 81568.0 128
1674039672095 79592.0 129
1674039690056 80344.0 130
1674039705634 79280.0 131
1674039723369 78640.0 132
1674039741272 81224.0 133
1674039756728 76536.0 134
1674039774462 75944.0 135
1674039792124 75560.0 136
1674039810736 69752.0 137
1674039829269 70728.0 138
1674039844708 70256.0 139
1674039859442 67856.0 140
1674039875924 67032.0 141
1674039892281 64792.0 142
1674039910406 59968.0 143
1674039928178 63464.0 144
1674039943617 59152.0 145
1674039961527 58264.0 146
1674039979979 57544.0 147
1674039998466 57832.0 148
1674040014602 60352.0 149
