1673896065825 41823.859375 0
1673896065856 36448.2421875 1
1673896065872 33043.7421875 2
1673896065903 21288.15625 3
1673896065919 20920.390625 4
1673896065950 20134.1875 5
1673896065966 28046.6875 6
1673896065981 27300.203125 7
1673896065997 27542.5625 8
1673896066028 26529.1875 9
1673896066044 25943.125 10
1673896066075 25980.125 11
1673896066091 25690.6875 12
1673896066106 17537.15625 13
1673896066138 17462.875 14
1673896066153 17376.125 15
1673896066184 25073.8125 16
1673896066200 17408.71875 17
1673896066216 25069.125 18
1673896066247 24713.71875 19
1673896066262 24755.9375 20
1673896066278 24972.4375 21
1673896066303 24783.9375 22
1673896066318 25088.0 23
1673896066350 16873.375 24
1673896066365 24362.3125 25
1673896066381 17019.3125 26
1673896066412 16821.0625 27
1673896066428 24398.375 28
1673896066443 16968.0 29
1673896066476 24220.0625 30
1673896066491 16997.625 31
1673896066507 24326.3125 32
1673896066522 16669.375 33
1673896066554 16414.75 34
1673896066569 24079.4375 35
1673896066601 23716.75 36
1673896066616 24124.25 37
1673896066647 16641.3125 38
1673896066663 16418.5625 39
1673896066679 23908.6875 40
1673896066710 23902.6875 41
1673896066725 23740.125 42
1673896066741 16539.6875 43
1673896066772 23706.5 44
1673896066788 24025.8125 45
1673896066804 23580.25 46
1673896066836 16438.875 47
1673896066852 23761.0 48
1673896066876 16177.375 49
1673896066884 16294.625 50
1673896066915 23619.875 51
1673896066931 23540.0 52
1673896066946 23963.0 53
1673896066978 23720.125 54
1673896066993 23683.25 55
1673896067009 23548.0 56
1673896067040 23688.25 57
1673896067056 23392.0 58
1673896067071 23466.375 59
1673896067103 16289.125 60
1673896067118 23673.625 61
1673896067134 16270.5 62
1673896067166 16162.25 63
1673896067182 23484.125 64
1673896067213 23442.875 65
1673896067229 16229.125 66
1673896067244 23499.75 67
1673896067260 23552.0 68
1673896067291 16144.625 69
1673896067307 23452.5 70
1673896067322 23299.875 71
1673896067353 23472.0 72
1673896067369 16101.625 73
1673896067385 23375.75 74
1673896067416 15951.5 75
1673896067432 15827.625 76
1673896067463 23232.375 77
1673896067478 15867.25 78
1673896067494 22921.375 79
1673896067510 16013.25 80
1673896067541 15745.875 81
1673896067557 22989.0 82
1673896067572 16007.5 83
1673896067603 16099.5 84
1673896067625 23035.625 85
1673896067644 16094.5 86
1673896067660 15934.5 87
1673896067675 23306.625 88
1673896067691 23698.625 89
1673896067722 23177.875 90
1673896067738 16019.625 91
1673896067753 22770.0 92
1673896067769 16002.0 93
1673896067800 23135.125 94
1673896067816 22962.0 95
1673896067832 16041.125 96
1673896067863 15675.75 97
1673896067879 16099.75 98
1673896067895 23087.0 99
1673896067911 16084.75 100
1673896067942 16136.0 101
1673896067957 15743.0 102
1673896067973 22985.5 103
1673896068004 22790.5 104
1673896068020 23179.75 105
1673896068036 15827.25 106
1673896068067 15766.25 107
1673896068082 22773.25 108
1673896068098 15652.5 109
1673896068130 15865.0 110
1673896068146 15709.75 111
1673896068161 15586.75 112
1673896068193 15709.0 113
1673896068208 15794.75 114
1673896068224 15801.75 115
1673896068240 15572.25 116
1673896068271 22617.75 117
1673896068286 15597.5 118
1673896068302 22881.75 119
1673896068333 22834.25 120
1673896068349 22689.75 121
1673896068365 15785.5 122
1673896068396 15871.25 123
1673896068411 22487.75 124
1673896068427 22356.75 125
1673896068458 22770.0 126
1673896068474 15553.75 127
1673896068489 22674.0 128
1673896068521 22798.0 129
1673896068536 22945.0 130
1673896068568 22538.5 131
1673896068583 22644.75 132
1673896068599 22470.0 133
1673896068630 15746.0 134
1673896068646 22347.25 135
1673896068661 22476.75 136
1673896068693 15641.5 137
1673896068708 22320.0 138
1673896068724 15392.75 139
1673896068755 22503.75 140
1673896068771 22861.5 141
1673896068802 22625.75 142
1673896068818 22582.25 143
1673896068833 22445.25 144
1673896068864 15793.5 145
1673896068880 22487.5 146
1673896068896 22358.0 147
1673896068911 22675.75 148
1673896068943 15347.0 149
