1673892884783 78914.5703125 0
1673892884814 71555.1640625 1
1673892884861 63154.734375 2
1673892884892 59830.3125 3
1673892884939 28443.40625 4
1673892884970 56460.1875 5
1673892885020 54793.46875 6
1673892885045 53798.125 7
1673892885092 52992.84375 8
1673892885138 51293.625 9
1673892885185 51149.75 10
1673892885217 49544.8125 11
1673892885248 49391.3125 12
1673892885295 49009.8125 13
1673892885326 48592.6875 14
1673892885357 48201.9375 15
1673892885404 47135.5625 16
1673892885441 47525.1875 17
1673892885472 47795.875 18
1673892885519 47324.125 19
1673892885550 23386.0 20
1673892885582 23472.0 21
1673892885628 23287.875 22
1673892885660 46273.5 23
1673892885691 45741.25 24
1673892885738 46041.25 25
1673892885769 22642.75 26
1673892885816 45273.25 27
1673892885847 45220.625 28
1673892885878 45372.5 29
1673892885910 44971.625 30
1673892885957 44786.75 31
1673892885989 22633.75 32
1673892886020 45215.25 33
1673892886067 45094.75 34
1673892886098 22179.625 35
1673892886129 44397.5 36
1673892886161 44782.75 37
1673892886207 44529.125 38
1673892886239 44378.125 39
1673892886270 44602.375 40
1673892886301 44066.75 41
1673892886336 44372.0 42
1673892886368 44309.125 43
1673892886399 44775.75 44
1673892886430 22308.625 45
1673892886477 44184.625 46
1673892886508 43482.5 47
1673892886544 43388.25 48
1673892886577 43878.25 49
1673892886608 43401.25 50
1673892886640 43656.25 51
1673892886671 43811.25 52
1673892886702 21933.25 53
1673892886749 21993.0 54
1673892886780 43525.0 55
1673892886811 43602.0 56
1673892886843 43621.25 57
1673892886874 21723.0 58
1673892886921 21760.25 59
1673892886952 42904.0 60
1673892886983 21981.5 61
1673892887030 43189.75 62
1673892887061 21888.0 63
1673892887093 43454.5 64
1673892887125 43613.5 65
1673892887156 21885.5 66
1673892887187 43348.75 67
1673892887234 21712.25 68
1673892887265 42894.25 69
1673892887297 43425.75 70
1673892887343 42983.5 71
1673892887375 43224.25 72
1673892887406 43051.75 73
1673892887437 43225.25 74
1673892887484 21753.5 75
1673892887515 43231.5 76
1673892887547 42823.5 77
1673892887578 43078.75 78
1673892887625 42844.75 79
1673892887656 21454.5 80
1673892887699 21382.5 81
1673892887733 42562.0 82
1673892887764 42553.75 83
1673892887811 42892.5 84
1673892887842 21156.5 85
1673892887873 42566.75 86
1673892887905 42256.0 87
1673892887952 42519.0 88
1673892887983 21421.5 89
1673892888015 21390.5 90
1673892888046 42939.75 91
1673892888077 42960.0 92
1673892888124 21485.75 93
1673892888155 43020.0 94
1673892888186 42360.0 95
1673892888218 42468.75 96
1673892888249 42942.5 97
1673892888280 42692.25 98
1673892888327 42742.25 99
1673892888358 42232.0 100
1673892888389 42278.0 101
1673892888421 41604.75 102
1673892888452 38769.0 103
1673892888483 19192.5 104
1673892888530 39032.0 105
1673892888561 39322.0 106
1673892888593 19465.0 107
1673892888624 38812.0 108
1673892888670 39121.0 109
1673892888701 19374.5 110
1673892888748 19476.0 111
1673892888795 38755.0 112
1673892888826 38717.0 113
1673892888889 39117.5 114
1673892888921 19709.5 115
1673892888952 38907.5 116
1673892888999 39175.5 117
1673892889030 39413.5 118
1673892889062 38803.5 119
1673892889109 39258.5 120
1673892889140 39213.0 121
1673892889187 38923.5 122
1673892889218 19642.5 123
1673892889249 39028.5 124
1673892889296 39062.5 125
1673892889327 39277.0 126
1673892889358 39020.5 127
1673892889405 38916.0 128
1673892889437 19370.0 129
