1674080410483 6767834.0 0
1674080421833 6330395.0 1
1674080433119 4534727.0 2
1674080444365 2066856.0 3
1674080455597 2143074.0 4
1674080465749 2120858.0 5
1674080475912 2145208.0 6
1674080485953 2101690.0 7
1674080496019 2138296.0 8
1674080506047 2106576.0 9
1674080516145 1690046.0 10
1674080527316 1294092.0 11
1674080538495 1358920.0 12
1674080548790 1389284.0 13
1674080558809 1445332.0 14
1674080568831 1483120.0 15
1674080578875 1482064.0 16
1674080588943 1505896.0 17
1674080598948 1497384.0 18
1674080609191 1506240.0 19
1674080619153 1463772.0 20
1674080629063 1444776.0 21
1674080638968 1452960.0 22
1674080648927 1454764.0 23
1674080659149 1453100.0 24
1674080669044 1426980.0 25
1674080678911 1414056.0 26
1674080688770 1362716.0 27
1674080698604 1365948.0 28
1674080708518 1351284.0 29
1674080718438 1379408.0 30
1674080728294 1332288.0 31
1674080738097 1347032.0 32
1674080747905 1313312.0 33
1674080757714 487808.0 34
1674080768654 73584.0 35
1674080779662 73896.0 36
1674080789417 73320.0 37
1674080800430 72392.0 38
1674080811329 72128.0 39
1674080822240 71872.0 40
1674080833698 73656.0 41
1674080843498 71152.0 42
1674080854361 72848.0 43
1674080864188 71096.0 44
1674080875087 70888.0 45
1674080885986 71792.0 46
1674080895840 68544.0 47
1674080906713 72976.0 48
1674080916525 72112.0 49
1674080926286 70040.0 50
1674080936033 71368.0 51
1674080945812 71792.0 52
1674080955557 68648.0 53
1674080965314 68208.0 54
1674080976172 70736.0 55
1674080985968 70344.0 56
1674080996732 69152.0 57
1674081008182 67712.0 58
1674081019709 69688.0 59
1674081029466 68736.0 60
1674081039318 68704.0 61
1674081049670 67856.0 62
1674081059450 68448.0 63
1674081073832 68224.0 64
1674081092158 68384.0 65
1674081110125 65888.0 66
1674081129224 66832.0 67
1674081148307 66672.0 68
1674081166112 66288.0 69
1674081183534 69040.0 70
1674081203168 67864.0 71
1674081221737 68968.0 72
1674081242089 67976.0 73
1674081260321 65648.0 74
1674081281439 64976.0 75
1674081300735 67384.0 76
1674081320136 65640.0 77
1674081338259 66312.0 78
1674081356908 66136.0 79
1674081376386 67808.0 80
1674081396076 68648.0 81
1674081415152 62976.0 82
1674081436434 66584.0 83
1674081454700 64448.0 84
1674081472011 67712.0 85
1674081491459 65896.0 86
1674081508633 64064.0 87
1674081527493 67656.0 88
1674081545414 66864.0 89
1674081562840 64000.0 90
1674081582034 65168.0 91
1674081600856 64976.0 92
1674081618268 65216.0 93
1674081639108 68208.0 94
1674081657670 69040.0 95
1674081676250 65176.0 96
1674081695338 67056.0 97
1674081713155 65040.0 98
1674081731695 63112.0 99
1674081750207 66016.0 100
1674081767708 65264.0 101
1674081786314 63592.0 102
1674081805114 65704.0 103
1674081824055 65960.0 104
1674081843752 64368.0 105
1674081862468 64696.0 106
1674081879598 64136.0 107
