1673892869859 54034.13671875 0
1673892869905 47593.73046875 1
1673892869952 45397.7578125 2
1673892870004 44428.1875 3
1673892870055 86516.34375 4
1673892870100 84995.90625 5
1673892870143 41606.21875 6
1673892870192 82039.46875 7
1673892870231 80926.5 8
1673892870278 79705.0625 9
1673892870309 79032.0625 10
1673892870356 39025.75 11
1673892870403 38824.5 12
1673892870469 38616.875 13
1673892870526 38321.375 14
1673892870580 38063.1875 15
1673892870628 75289.5 16
1673892870665 37092.8125 17
1673892870715 73883.875 18
1673892870762 73517.125 19
1673892870793 36350.5 20
1673892870841 72050.75 21
1673892870887 35718.875 22
1673892870934 35752.375 23
1673892870986 35662.125 24
1673892871052 71206.5 25
1673892871103 70889.0 26
1673892871152 70574.625 27
1673892871202 70636.25 28
1673892871250 70513.0 29
1673892871297 70351.375 30
1673892871329 35068.125 31
1673892871376 34886.125 32
1673892871439 34925.25 33
1673892871470 69678.125 34
1673892871528 34746.5 35
1673892871584 69358.125 36
1673892871634 34264.0 37
1673892871684 34364.75 38
1673892871734 34305.5 39
1673892871789 68329.25 40
1673892871831 34124.0 41
1673892871881 34104.0 42
1673892871935 34211.25 43
1673892871982 67797.75 44
1673892872028 67745.75 45
1673892872072 33915.25 46
1673892872123 67818.25 47
1673892872170 33809.5 48
1673892872218 33780.5 49
1673892872267 33629.5 50
1673892872317 33573.0 51
1673892872367 33885.25 52
1673892872408 33448.25 53
1673892872457 33537.0 54
1673892872502 66764.5 55
1673892872544 33610.5 56
1673892872588 33344.25 57
1673892872636 33215.5 58
1673892872687 33389.25 59
1673892872730 33201.0 60
1673892872779 33165.75 61
1673892872831 33345.5 62
1673892872862 66685.75 63
1673892872909 33027.25 64
1673892872956 33102.25 65
1673892873013 66446.5 66
1673892873051 33256.0 67
1673892873101 66141.5 68
1673892873151 66159.0 69
1673892873199 66114.75 70
1673892873244 65936.75 71
1673892873279 33051.0 72
1673892873326 32925.75 73
1673892873368 32904.75 74
1673892873415 33097.5 75
1673892873462 65828.0 76
1673892873493 65716.5 77
1673892873541 32865.5 78
1673892873598 65813.0 79
1673892873639 32762.5 80
1673892873688 32799.0 81
1673892873729 65615.0 82
1673892873760 32853.25 83
1673892873807 61219.5 84
1673892873854 58353.5 85
1673892873885 58449.5 86
1673892873932 58294.0 87
1673892873983 58192.0 88
1673892874033 58153.5 89
1673892874084 58348.0 90
1673892874135 58228.5 91
1673892874184 58190.0 92
1673892874235 58188.5 93
1673892874276 58196.5 94
1673892874313 29095.5 95
1673892874360 29148.0 96
1673892874407 29193.0 97
1673892874438 29062.5 98
1673892874501 58042.5 99
1673892874532 58092.5 100
1673892874579 58043.5 101
1673892874626 28788.5 102
1673892874672 28816.0 103
1673892874720 58078.0 104
1673892874768 28757.0 105
1673892874832 28874.0 106
1673892874883 28648.5 107
1673892874931 57491.0 108
1673892874963 28664.5 109
1673892875010 28858.0 110
1673892875056 28627.5 111
1673892875105 28648.5 112
1673892875147 57345.0 113
1673892875181 28518.0 114
1673892875245 28662.0 115
1673892875283 28615.0 116
1673892875331 57145.5 117
1673892875373 56988.5 118
1673892875417 28384.5 119
1673892875462 28548.5 120
1673892875493 56986.5 121
1673892875540 57025.0 122
1673892875587 56929.5 123
1673892875645 28383.0 124
1673892875703 56709.0 125
1673892875745 28377.0 126
1673892875792 56451.0 127
1673892875845 28208.5 128
1673892875892 56449.0 129
1673892875939 56566.0 130
1673892875986 56626.0 131
1673892876033 28208.0 132
1673892876089 56379.5 133
1673892876135 56359.5 134
1673892876199 56171.0 135
1673892876261 28105.0 136
1673892876321 27981.5 137
1673892876374 28088.5 138
1673892876423 55802.5 139
1673892876473 56137.5 140
1673892876522 55861.0 141
1673892876564 27977.5 142
1673892876626 55995.0 143
1673892876673 56061.5 144
1673892876720 55766.0 145
1673892876767 55856.0 146
1673892876814 27874.5 147
1673892876881 27822.0 148
1673892876930 27816.0 149
