1673893131949 72573.8359375 0
1673893132011 64953.0390625 1
1673893132080 60977.890625 2
1673893132143 112296.859375 3
1673893132190 53117.0625 4
1673893132268 101238.28125 5
1673893132315 98055.21875 6
1673893132381 95958.6875 7
1673893132428 47038.3125 8
1673893132490 46253.625 9
1673893132553 45966.25 10
1673893132616 91908.375 11
1673893132682 45750.5 12
1673893132745 90766.6875 13
1673893132792 91996.375 14
1673893132854 46057.5 15
1673893132902 90600.875 16
1673893132964 89922.25 17
1673893133011 44587.875 18
1673893133074 89001.375 19
1673893133136 88429.25 20
1673893133199 87924.25 21
1673893133246 44056.5 22
1673893133308 43682.5 23
1673893133371 87398.125 24
1673893133433 86841.125 25
1673893133480 43756.875 26
1673893133550 86872.75 27
1673893133612 43871.0 28
1673893133675 78893.0 29
1673893133723 78559.75 30
1673893133785 77797.0 31
1673893133832 78372.5 32
1673893133894 77316.75 33
1673893133957 77119.25 34
1673893134019 38763.5 35
1673893134097 76891.5 36
1673893134144 38232.75 37
1673893134222 38182.0 38
1673893134285 38183.75 39
1673893134347 38080.75 40
1673893134414 38253.0 41
1673893134476 75104.5 42
1673893134539 74599.5 43
1673893134592 37135.5 44
1673893134670 74168.0 45
1673893134732 74236.0 46
1673893134810 74154.25 47
1673893134873 73906.75 48
1673893134935 73897.25 49
1673893134998 36918.75 50
1673893135060 37022.25 51
1673893135138 73481.25 52
1673893135201 73777.0 53
1673893135263 73895.25 54
1673893135327 36544.0 55
1673893135389 72882.75 56
1673893135452 36538.0 57
1673893135514 36738.75 58
1673893135577 72563.25 59
1673893135639 72888.0 60
1673893135702 72873.75 61
1673893135764 72663.25 62
1673893135827 34386.75 63
1673893135905 34118.5 64
1673893135967 34382.0 65
1673893136030 34354.0 66
1673893136092 34195.0 67
1673893136155 68706.0 68
1673893136217 34296.0 69
1673893136280 68562.0 70
1673893136342 34188.5 71
1673893136405 34102.0 72
1673893136477 68143.0 73
1673893136540 68017.0 74
1673893136602 68675.5 75
1673893136665 34157.5 76
1673893136728 34159.0 77
1673893136775 33742.5 78
1673893136846 33831.5 79
1673893136909 33883.5 80
1673893136987 67931.0 81
1673893137035 34221.0 82
1673893137097 67934.5 83
1673893137160 33805.5 84
1673893137222 67605.0 85
1673893137284 67946.0 86
1673893137347 67513.5 87
1673893137409 67884.5 88
1673893137472 33956.5 89
1673893137534 33809.0 90
1673893137597 33632.5 91
1673893137659 33841.0 92
1673893137722 66946.5 93
1673893137784 33836.5 94
1673893137848 67006.5 95
1673893137911 67034.5 96
1673893137973 33487.5 97
1673893138036 33332.0 98
1673893138115 66717.0 99
1673893138177 33483.0 100
1673893138224 33599.5 101
1673893138302 66691.5 102
1673893138349 33248.5 103
1673893138427 33112.5 104
1673893138490 66634.5 105
1673893138552 33349.5 106
1673893138599 33025.5 107
1673893138677 66483.5 108
1673893138740 66616.5 109
1673893138802 66038.5 110
1673893138865 66333.5 111
1673893138927 66073.5 112
1673893139005 66263.0 113
1673893139052 32868.5 114
1673893139115 32679.5 115
1673893139193 65914.0 116
1673893139249 32957.0 117
1673893139311 32572.0 118
1673893139374 65816.5 119
1673893139436 32940.0 120
1673893139499 32623.0 121
1673893139561 32510.0 122
1673893139625 32813.0 123
1673893139687 32803.0 124
1673893139750 65075.5 125
1673893139812 32544.5 126
1673893139875 32608.5 127
1673893139937 32571.5 128
1673893140005 65018.5 129
1673893140068 32486.5 130
1673893140130 64673.5 131
1673893140193 64807.0 132
1673893140262 64600.5 133
1673893140325 32290.0 134
1673893140387 32351.0 135
1673893140450 64164.0 136
1673893140512 64293.5 137
1673893140574 64270.5 138
1673893140637 32312.0 139
1673893140699 64134.0 140
1673893140763 32024.0 141
1673893140825 63858.5 142
1673893140888 31828.0 143
1673893140950 31942.0 144
1673893141013 31858.0 145
1673893141060 31853.5 146
1673893141122 63574.0 147
1673893141185 31820.5 148
1673893141247 63532.5 149
