1673893420253 61074.79296875 0
1673893420316 53012.60546875 1
1673893420363 49549.0703125 2
1673893420426 43747.234375 3
1673893420488 41263.578125 4
1673893420535 40035.21875 5
1673893420598 37380.0625 6
1673893420644 36182.96875 7
1673893420707 35174.875 8
1673893420769 34158.1875 9
1673893420816 33459.21875 10
1673893420879 32515.9375 11
1673893420941 32104.0 12
1673893421013 31446.4375 13
1673893421060 31139.6875 14
1673893421122 30614.3125 15
1673893421170 30563.0 16
1673893421233 30044.5 17
1673893421280 30038.5625 18
1673893421342 29716.3125 19
1673893421389 29508.0 20
1673893421455 29167.9375 21
1673893421502 58109.0625 22
1673893421565 28965.875 23
1673893421612 29505.875 24
1673893421659 28574.875 25
1673893421721 28235.875 26
1673893421768 27956.4375 27
1673893421830 28081.875 28
1673893421878 27907.5 29
1673893421941 27793.5 30
1673893421987 27830.5 31
1673893422034 27574.75 32
1673893422097 27373.0 33
1673893422144 27284.125 34
1673893422206 27099.375 35
1673893422253 27004.75 36
1673893422316 26737.0 37
1673893422362 26727.625 38
1673893422425 26273.25 39
1673893422472 26401.0 40
1673893422519 26216.625 41
1673893422565 26197.25 42
1673893422628 25868.125 43
1673893422675 25847.375 44
1673893422737 25638.25 45
1673893422784 25597.625 46
1673893422841 25390.875 47
1673893422903 25351.125 48
1673893422950 25188.0 49
1673893423013 25167.0 50
1673893423060 25212.5 51
1673893423111 24879.875 52
1673893423174 25034.5 53
1673893423221 24660.0 54
1673893423268 24854.25 55
1673893423315 24779.75 56
1673893423362 24754.75 57
1673893423409 24544.375 58
1673893423472 24427.625 59
1673893423523 24466.25 60
1673893423569 24917.125 61
1673893423616 24309.125 62
1673893423663 24421.5 63
1673893423711 24302.5 64
1673893423774 24244.625 65
1673893423820 48129.125 66
1673893423867 24093.875 67
1673893423930 24124.625 68
1673893423977 23881.125 69
1673893424023 23378.25 70
1673893424086 23459.25 71
1673893424133 23264.25 72
1673893424193 23355.5 73
1673893424240 23217.5 74
1673893424302 23345.5 75
1673893424349 23091.5 76
1673893424412 23159.75 77
1673893424459 23176.25 78
1673893424506 23025.5 79
1673893424569 23028.25 80
1673893424615 23045.75 81
1673893424662 23107.5 82
1673893424725 23053.5 83
1673893424772 23067.25 84
1673893424818 22957.0 85
1673893424881 22897.0 86
1673893424943 22963.5 87
1673893424990 22898.5 88
1673893425037 22755.0 89
1673893425100 22917.0 90
1673893425146 22661.0 91
1673893425209 22861.75 92
1673893425256 22610.5 93
1673893425303 22873.0 94
1673893425365 22510.25 95
1673893425412 22540.0 96
1673893425475 22654.5 97
1673893425521 22445.25 98
1673893425577 22684.75 99
1673893425624 22401.75 100
1673893425687 22543.75 101
1673893425733 22462.25 102
1673893425781 22464.5 103
1673893425844 22252.0 104
1673893425891 22357.25 105
1673893425937 22328.75 106
1673893425991 22355.0 107
1673893426038 22183.75 108
1673893426100 22162.0 109
1673893426147 22153.5 110
1673893426210 22184.25 111
1673893426257 22126.75 112
1673893426320 22154.75 113
1673893426367 22143.0 114
1673893426413 22272.25 115
1673893426460 21935.0 116
1673893426532 43912.75 117
1673893426579 21961.5 118
1673893426626 43801.75 119
1673893426673 21868.75 120
1673893426736 21985.0 121
1673893426783 21944.5 122
1673893426830 21988.5 123
1673893426892 22079.25 124
1673893426943 43331.25 125
1673893426990 21724.75 126
1673893427036 21618.5 127
1673893427099 21577.0 128
1673893427147 21620.0 129
1673893427209 21686.75 130
1673893427256 21500.25 131
1673893427303 21572.25 132
1673893427365 21416.75 133
1673893427412 21301.25 134
1673893427475 21532.25 135
1673893427522 21494.25 136
1673893427569 21375.25 137
1673893427615 21324.25 138
1673893427662 21442.75 139
1673893427709 21521.0 140
1673893427772 21360.75 141
1673893427818 21278.75 142
1673893427881 42564.75 143
1673893427928 21210.5 144
1673893427975 42316.25 145
1673893428022 21228.5 146
1673893428068 21138.75 147
1673893428137 21182.0 148
1673893428188 21043.0 149
