1673997310166 7232180.5 0
1673997323934 6811335.5 1
1673997337501 4143034.0 2
1673997351645 2673804.0 3
1673997366176 2760066.0 4
1673997379041 2736744.0 5
1673997392530 2748612.0 6
1673997405445 2779948.0 7
1673997418368 2521900.0 8
1673997431334 2314808.0 9
1673997444356 2379828.0 10
1673997456355 2390784.0 11
1673997468753 2331604.0 12
1673997481450 2350932.0 13
1673997493656 2325024.0 14
1673997506417 2356212.0 15
1673997518824 2332032.0 16
1673997531436 2342244.0 17
1673997544013 2259708.0 18
1673997558922 2259532.0 19
1673997574092 2320604.0 20
1673997587340 2325480.0 21
1673997600685 2240656.0 22
1673997613836 189032.0 23
1673997627364 18256.0 24
1673997641759 18536.0 25
1673997653686 17864.0 26
1673997667123 17464.0 27
1673997679944 17840.0 28
1673997691746 18336.0 29
1673997704231 18768.0 30
1673997716136 18208.0 31
1673997728099 17960.0 32
1673997739534 18360.0 33
1673997751095 18264.0 34
1673997762800 18816.0 35
1673997774213 18016.0 36
1673997785705 18032.0 37
1673997797099 18696.0 38
1673997808528 18584.0 39
1673997820032 18880.0 40
1673997831430 17936.0 41
1673997842821 19640.0 42
1673997854264 19168.0 43
1673997865610 17896.0 44
1673997876990 18688.0 45
1673997888401 18912.0 46
1673997899792 18528.0 47
1673997911170 19488.0 48
1673997922606 18784.0 49
1673997933977 18968.0 50
1673997945407 18488.0 51
1673997956822 18888.0 52
