1674053481751 4650791.5 0
1674053499555 3279821.5 1
1674053519126 3715159.0 2
1674053535643 3528545.0 3
1674053551177 2302701.0 4
1674053571016 1460530.0 5
1674053589377 1429178.0 6
1674053607109 1482302.0 7
1674053625470 1482326.0 8
1674053643851 1471136.0 9
1674053660739 1448400.0 10
1674053677505 1389200.0 11
1674053696164 1451556.0 12
1674053712780 1475146.0 13
1674053729356 1374722.0 14
1674053747769 1361638.0 15
1674053766449 837264.0 16
1674053785603 739192.0 17
1674053805532 778636.0 18
1674053814560 775368.0 19
1674053823308 776544.0 20
1674053831974 776188.0 21
1674053840811 801684.0 22
1674053849485 778048.0 23
1674053858205 788356.0 24
1674053866849 805628.0 25
1674053875578 796404.0 26
1674053884195 826704.0 27
1674053892899 794248.0 28
1674053901593 795652.0 29
1674053910200 805796.0 30
1674053918918 797228.0 31
1674053927561 780504.0 32
1674053936157 807636.0 33
1674053944846 807700.0 34
1674053953520 808836.0 35
1674053962171 817380.0 36
1674053970830 781164.0 37
1674053979441 818636.0 38
1674053988078 808496.0 39
1674053996711 801560.0 40
1674054005350 793644.0 41
1674054014023 791644.0 42
