1673896059738 40429.109375 0
1673896059769 49500.8515625 1
1673896059800 45852.2265625 2
1673896059816 44149.109375 3
1673896059847 42815.1875 4
1673896059879 28656.59375 5
1673896059894 40731.921875 6
1673896059925 27536.46875 7
1673896059957 27233.875 8
1673896059988 39203.53125 9
1673896060003 26588.53125 10
1673896060035 38436.9375 11
1673896060066 37964.0 12
1673896060097 26020.90625 13
1673896060113 25672.25 14
1673896060144 25650.5625 15
1673896060175 36804.0 16
1673896060207 36604.9375 17
1673896060238 36026.125 18
1673896060253 35680.0625 19
1673896060285 35480.875 20
1673896060316 35426.0 21
1673896060332 35350.6875 22
1673896060363 34936.3125 23
1673896060394 24055.5625 24
1673896060410 24120.875 25
1673896060441 34629.6875 26
1673896060472 34809.75 27
1673896060503 34356.1875 28
1673896060535 34301.25 29
1673896060551 23508.375 30
1673896060582 33998.875 31
1673896060614 23556.875 32
1673896060645 23306.625 33
1673896060676 33967.375 34
1673896060692 33856.0 35
1673896060723 23088.125 36
1673896060754 33736.25 37
1673896060770 23148.25 38
1673896060801 33518.625 39
1673896060817 33471.5 40
1673896060850 33412.875 41
1673896060866 22898.75 42
1673896060897 33529.0 43
1673896060928 23167.5 44
1673896060944 33149.5 45
1673896060975 33323.25 46
1673896061007 33282.25 47
1673896061023 33366.5 48
1673896061054 33067.375 49
1673896061086 33174.625 50
1673896061117 32899.0 51
1673896061132 33105.625 52
1673896061164 22860.0 53
1673896061194 32833.625 54
1673896061220 32820.875 55
1673896061244 33036.125 56
1673896061283 32930.875 57
1673896061315 32893.75 58
1673896061346 32989.125 59
1673896061361 32897.25 60
1673896061393 32946.875 61
1673896061424 22564.625 62
1673896061455 32809.75 63
1673896061471 32514.625 64
1673896061502 32169.25 65
1673896061533 32440.0 66
1673896061549 32158.5 67
1673896061580 32377.25 68
1673896061611 32009.5 69
1673896061637 32083.5 70
1673896061652 22166.5 71
1673896061683 31910.5 72
1673896061715 32003.0 73
1673896061730 31962.75 74
1673896061761 31990.25 75
1673896061793 32035.25 76
1673896061825 31832.0 77
1673896061841 31932.75 78
1673896061872 31959.25 79
1673896061903 31883.5 80
1673896061934 31769.0 81
1673896061950 31913.5 82
1673896061981 31769.5 83
1673896062013 31584.0 84
1673896062037 31815.0 85
1673896062068 31699.5 86
1673896062084 31726.5 87
1673896062115 31557.0 88
1673896062147 31614.75 89
1673896062162 31559.75 90
1673896062193 21802.5 91
1673896062225 31647.25 92
1673896062240 31545.0 93
1673896062271 31427.75 94
1673896062287 31374.0 95
1673896062318 21629.0 96
1673896062350 21753.5 97
1673896062365 31434.25 98
1673896062396 31382.75 99
1673896062428 31220.5 100
1673896062443 31359.75 101
1673896062475 21509.75 102
1673896062506 31330.25 103
1673896062537 31134.0 104
1673896062553 31227.25 105
1673896062584 31036.75 106
1673896062615 31193.25 107
1673896062631 21359.0 108
1673896062662 31021.0 109
1673896062695 31075.5 110
1673896062710 31037.25 111
1673896062741 31086.0 112
1673896062773 30876.75 113
1673896062788 31014.75 114
1673896062820 21125.25 115
1673896062835 30775.0 116
1673896062866 30873.5 117
1673896062898 30818.5 118
1673896062913 21218.25 119
1673896062944 30795.5 120
1673896062976 30584.25 121
1673896062991 21238.5 122
1673896063023 30804.5 123
1673896063054 30707.0 124
1673896063085 30643.75 125
1673896063101 30674.0 126
1673896063132 30626.75 127
1673896063163 30458.5 128
1673896063195 30372.0 129
1673896063211 30378.0 130
1673896063243 30493.75 131
1673896063267 20965.5 132
1673896063298 30414.75 133
1673896063314 29705.75 134
1673896063345 19908.0 135
1673896063376 19843.5 136
1673896063392 28752.5 137
1673896063423 28636.0 138
1673896063454 28753.5 139
1673896063470 28590.5 140
1673896063501 28511.5 141
1673896063517 19850.5 142
1673896063548 19781.0 143
1673896063579 28657.0 144
1673896063595 28601.0 145
1673896063626 28676.5 146
1673896063657 28638.5 147
1673896063673 28573.5 148
1673896063695 28648.5 149
