1673892926923 77562.2265625 0
1673892926970 67611.3984375 1
1673892927002 60223.140625 2
1673892927037 56909.234375 3
1673892927084 28143.1875 4
1673892927115 54460.75 5
1673892927162 52576.96875 6
1673892927193 51318.375 7
1673892927224 50856.84375 8
1673892927257 49508.5625 9
1673892927288 24581.0 10
1673892927319 24048.9375 11
1673892927366 24177.3125 12
1673892927397 47404.5 13
1673892927428 23388.4375 14
1673892927460 47166.875 15
1673892927491 46133.0625 16
1673892927538 23374.9375 17
1673892927569 23289.625 18
1673892927616 22650.875 19
1673892927663 22954.5 20
1673892927694 45959.1875 21
1673892927725 45551.8125 22
1673892927756 22637.0 23
1673892927803 45198.875 24
1673892927835 45391.25 25
1673892927866 44860.625 26
1673892927917 22125.5 27
1673892927949 44770.375 28
1673892927980 22452.0 29
1673892928011 44622.125 30
1673892928042 44388.25 31
1673892928074 44667.375 32
1673892928121 22016.75 33
1673892928153 22328.875 34
1673892928184 43943.5 35
1673892928215 43976.875 36
1673892928262 22053.875 37
1673892928293 22338.625 38
1673892928324 44093.875 39
1673892928356 44162.5 40
1673892928387 43726.375 41
1673892928418 43935.25 42
1673892928449 43926.25 43
1673892928496 43806.125 44
1673892928528 43889.0 45
1673892928559 43651.875 46
1673892928590 21830.375 47
1673892928621 43513.0 48
1673892928653 21823.125 49
1673892928699 43501.125 50
1673892928731 21724.5 51
1673892928762 21898.5 52
1673892928809 22021.5 53
1673892928840 21719.75 54
1673892928871 43414.0 55
1673892928902 43128.75 56
1673892928934 43546.0 57
1673892928981 43062.25 58
1673892929012 42743.5 59
1673892929041 42334.25 60
1673892929072 42964.5 61
1673892929104 42884.0 62
1673892929135 43386.5 63
1673892929182 21372.5 64
1673892929213 42556.5 65
1673892929245 21417.25 66
1673892929292 21492.0 67
1673892929323 21606.25 68
1673892929355 21221.5 69
1673892929386 43196.25 70
1673892929417 42958.5 71
1673892929448 42955.75 72
1673892929480 42621.5 73
1673892929526 21560.5 74
1673892929558 43302.0 75
1673892929589 42731.0 76
1673892929620 42711.0 77
1673892929651 42742.0 78
1673892929683 42744.5 79
1673892929714 21304.75 80
1673892929745 21219.5 81
1673892929792 42656.25 82
1673892929823 21039.5 83
1673892929870 42829.25 84
1673892929901 21035.75 85
1673892929933 42330.5 86
1673892929964 21399.25 87
1673892929995 42121.25 88
1673892930042 21347.25 89
1673892930073 42283.0 90
1673892930104 42886.25 91
1673892930136 21441.25 92
1673892930167 21402.75 93
1673892930198 42460.25 94
1673892930229 42219.25 95
1673892930261 21141.0 96
1673892930292 21494.0 97
1673892930339 21373.5 98
1673892930370 42325.0 99
1673892930401 20978.75 100
1673892930432 41994.0 101
1673892930464 21081.5 102
1673892930495 42266.25 103
1673892930542 42696.5 104
1673892930573 42217.5 105
1673892930604 42508.0 106
1673892930635 42114.0 107
1673892930667 21122.75 108
1673892930698 42160.0 109
1673892930729 41803.5 110
1673892930760 21147.0 111
1673892930807 41838.75 112
1673892930839 41714.5 113
1673892930870 41310.5 114
1673892930901 19789.5 115
1673892930932 19569.0 116
1673892930979 39339.0 117
1673892931010 19835.0 118
1673892931042 39023.0 119
1673892931073 19635.5 120
1673892931104 19326.5 121
1673892931151 39472.0 122
1673892931182 39377.0 123
1673892931213 39512.0 124
1673892931245 39223.5 125
1673892931276 39430.0 126
1673892931307 19651.5 127
1673892931338 38930.5 128
1673892931370 39567.0 129
1673892931417 39485.0 130
1673892931448 39039.0 131
1673892931479 19806.5 132
1673892931510 39330.5 133
1673892931542 38972.0 134
1673892931573 39194.0 135
1673892931604 19416.5 136
1673892931651 19637.0 137
1673892931682 38897.0 138
1673892931713 19456.0 139
1673892931745 39132.5 140
1673892931776 39309.5 141
1673892931807 39098.0 142
1673892931838 38916.5 143
1673892931870 38827.0 144
1673892931901 19274.5 145
1673892931948 38900.5 146
1673892931979 19433.5 147
1673892932010 39039.5 148
1673892932051 39015.0 149
