1673907834369 6551298.5 0
1673907843094 5901337.5 1
1673907851798 5123314.0 2
1673907860493 2834826.0 3
1673907869157 2817400.0 4
1673907877767 2805678.0 5
1673907886419 2744356.0 6
1673907895001 2748420.0 7
1673907902795 2437366.0 8
1673907911328 1617696.0 9
1673907919921 1568576.0 10
1673907928457 1576584.0 11
1673907936136 1523688.0 12
1673907944594 1473608.0 13
1673907953068 1455756.0 14
1673907961580 1436148.0 15
1673907970046 1441360.0 16
1673907977710 1428224.0 17
1673907986199 1415944.0 18
1673907994669 1370344.0 19
1673908003159 1367164.0 20
1673908011596 1386648.0 21
1673908019238 1353976.0 22
1673908027666 1369896.0 23
1673908035336 1354128.0 24
1673908043086 1335528.0 25
1673908051521 1328504.0 26
1673908059972 1342884.0 27
1673908067582 1323348.0 28
1673908075994 1311916.0 29
1673908084418 1315024.0 30
1673908092055 1296940.0 31
1673908100452 756048.0 32
1673908108977 12352.0 33
1673908117349 11992.0 34
1673908125746 11104.0 35
1673908134125 7520.0 36
1673908142558 7224.0 37
1673908150954 7072.0 38
1673908159381 6600.0 39
1673908167796 7408.0 40
1673908175377 7096.0 41
1673908182977 6696.0 42
1673908193706 7328.0 43
1673908211881 7000.0 44
1673908218719 6552.0 45
1673908228156 6752.0 46
1673908237544 6536.0 47
1673908247865 6832.0 48
1673908257817 6464.0 49
1673908268467 5512.0 50
1673908279296 6520.0 51
1673908292993 5624.0 52
1673908304422 5448.0 53
1673908316863 5632.0 54
1673908326972 5664.0 55
1673908336987 5680.0 56
1673908348042 5784.0 57
1673908357970 5656.0 58
1673908368705 4952.0 59
1673908379730 4792.0 60
1673908391380 4976.0 61
1673908401853 4728.0 62
1673908413991 4432.0 63
1673908425847 4840.0 64
1673908436135 4792.0 65
1673908446892 5096.0 66
1673908456845 4936.0 67
1673908466785 4872.0 68
1673908477309 4648.0 69
1673908488914 4824.0 70
1673908500766 4344.0 71
1673908514016 4400.0 72
1673908526068 4440.0 73
1673908536742 4768.0 74
1673908546410 4448.0 75
1673908555899 4416.0 76
1673908566826 4232.0 77
1673908578487 4408.0 78
1673908589011 4568.0 79
1673908599476 4552.0 80
1673908610289 4368.0 81
1673908621729 4352.0 82
1673908632017 4632.0 83
1673908642426 4400.0 84
1673908653683 4440.0 85
1673908663059 4584.0 86
1673908672470 4672.0 87
1673908682351 4488.0 88
1673908691911 4320.0 89
1673908701307 4080.0 90
1673908711619 4320.0 91
1673908721006 4304.0 92
1673908730566 4488.0 93
1673908740556 4960.0 94
1673908750102 4512.0 95
1673908759469 4808.0 96
1673908768834 5000.0 97
1673908778224 4720.0 98
1673908787617 4592.0 99
1673908797068 4848.0 100
1673908806440 4528.0 101
1673908815795 4320.0 102
1673908825159 4864.0 103
1673908834541 4632.0 104
1673908845095 4720.0 105
1673908855437 4752.0 106
1673908865384 4592.0 107
1673908875503 4088.0 108
1673908886247 4400.0 109
1673908896033 4376.0 110
1673908905367 4400.0 111
1673908915763 4384.0 112
1673908925981 14800.0 113
1673908936053 28200.0 114
1673908946382 9264.0 115
