1673893023194 72752.546875 0
1673893023257 65055.234375 1
1673893023319 123345.484375 2
1673893023370 57574.640625 3
1673893023433 106770.125 4
1673893023495 101318.59375 5
1673893023558 96845.375 6
1673893023605 47157.8125 7
1673893023668 92194.5 8
1673893023715 45089.0 9
1673893023784 89580.375 10
1673893023831 44202.3125 11
1673893023894 43691.8125 12
1673893023956 43442.625 13
1673893024020 85016.9375 14
1673893024066 42083.25 15
1673893024117 42129.75 16
1673893024180 84427.625 17
1673893024227 84644.0 18
1673893024290 42385.625 19
1673893024337 42116.5 20
1673893024384 42148.875 21
1673893024446 84169.875 22
1673893024493 84175.25 23
1673893024556 41819.25 24
1673893024618 83600.0 25
1673893024665 83302.75 26
1673893024725 83034.75 27
1673893024772 41448.75 28
1673893024834 41245.5 29
1673893024912 80967.625 30
1673893024959 37930.5 31
1673893025022 75571.25 32
1673893025070 37486.0 33
1673893025132 37974.5 34
1673893025179 37920.25 35
1673893025241 75361.25 36
1673893025288 75697.5 37
1673893025351 37906.5 38
1673893025413 37850.0 39
1673893025476 75580.5 40
1673893025538 75512.0 41
1673893025585 37874.0 42
1673893025648 75500.0 43
1673893025710 37660.5 44
1673893025773 75484.25 45
1673893025835 75290.25 46
1673893025898 75346.25 47
1673893025960 37439.75 48
1673893026023 75276.0 49
1673893026094 75315.75 50
1673893026157 75470.75 51
1673893026219 37844.0 52
1673893026266 37469.75 53
1673893026345 75080.25 54
1673893026392 74679.75 55
1673893026454 75296.5 56
1673893026517 75116.25 57
1673893026579 74991.75 58
1673893026642 37647.0 59
1673893026704 37607.75 60
1673893026751 37451.25 61
1673893026814 75102.25 62
1673893026876 37573.5 63
1673893026938 75016.25 64
1673893027001 37234.5 65
1673893027063 37326.0 66
1673893027126 34919.25 67
1673893027188 34844.5 68
1673893027251 69114.0 69
1673893027313 34599.0 70
1673893027376 69164.0 71
1673893027438 69397.0 72
1673893027501 34553.0 73
1673893027563 69069.0 74
1673893027626 34511.0 75
1673893027688 34554.0 76
1673893027751 34537.5 77
1673893027813 34404.5 78
1673893027876 69323.5 79
1673893027938 68941.0 80
1673893028001 68757.0 81
1673893028063 68862.0 82
1673893028134 68749.0 83
1673893028196 69240.5 84
1673893028259 34415.0 85
1673893028306 34349.0 86
1673893028369 34444.5 87
1673893028432 68695.0 88
1673893028494 68570.5 89
1673893028558 68994.5 90
1673893028617 34321.0 91
1673893028695 68920.0 92
1673893028757 68752.0 93
1673893028820 68807.0 94
1673893028867 34214.5 95
1673893028945 34394.5 96
1673893029008 34472.5 97
1673893029055 34048.0 98
1673893029137 68426.5 99
1673893029184 34192.5 100
1673893029246 68793.5 101
1673893029310 68532.0 102
1673893029372 68509.0 103
1673893029435 68395.0 104
1673893029497 68404.5 105
1673893029560 34257.5 106
1673893029606 34037.0 107
1673893029685 68170.0 108
1673893029747 68099.5 109
1673893029794 34001.5 110
1673893029856 68240.0 111
1673893029919 34093.0 112
1673893029981 68485.0 113
1673893030044 68365.0 114
1673893030106 34132.5 115
1673893030162 33902.5 116
1673893030225 67934.5 117
1673893030287 68182.5 118
1673893030350 34048.5 119
1673893030413 68066.0 120
1673893030476 68054.5 121
1673893030523 33902.5 122
1673893030601 68198.0 123
1673893030648 34170.0 124
1673893030710 68090.0 125
1673893030779 33807.5 126
1673893030841 33940.5 127
1673893030904 67760.0 128
1673893030966 67897.5 129
1673893031029 33860.0 130
1673893031091 67646.0 131
1673893031154 33981.5 132
1673893031216 67990.5 133
1673893031279 67589.5 134
1673893031341 67845.0 135
1673893031388 33772.5 136
1673893031451 33830.5 137
1673893031523 67649.0 138
1673893031570 33890.0 139
1673893031632 67957.5 140
1673893031695 33827.0 141
1673893031758 33618.5 142
1673893031820 33703.5 143
1673893031883 33876.5 144
1673893031930 33653.0 145
1673893031992 67598.0 146
1673893032055 58799.0 147
1673893032117 26517.0 148
1673893032180 53373.0 149
