1673944049777 6351155.5 0
1673944060023 5628022.5 1
1673944070114 5168012.0 2
1673944080181 2713684.0 3
1673944090079 2706902.0 4
1673944100013 2768062.0 5
1673944108748 2753334.0 6
1673944117320 2798578.0 7
1673944125931 2777278.0 8
1673944134702 1860980.0 9
1673944144626 1889232.0 10
1673944153314 1888736.0 11
1673944163273 1889836.0 12
1673944172741 1874128.0 13
1673944181327 1884112.0 14
1673944190229 1891684.0 15
1673944198744 1895936.0 16
1673944207438 1924432.0 17
1673944216018 1902512.0 18
1673944224579 1927088.0 19
1673944233133 1934036.0 20
1673944241727 1976464.0 21
1673944250339 1941928.0 22
1673944258906 1988272.0 23
1673944267473 1972076.0 24
1673944276533 1967824.0 25
1673944286558 846752.0 26
1673944296747 20568.0 27
1673944306506 21064.0 28
1673944315150 21232.0 29
1673944323738 21488.0 30
1673944332452 21072.0 31
1673944341004 21496.0 32
1673944349493 22480.0 33
1673944358027 20776.0 34
1673944366560 20952.0 35
1673944375234 20976.0 36
1673944383683 20352.0 37
1673944393638 20904.0 38
1673944403391 20856.0 39
1673944412771 20736.0 40
1673944421249 21872.0 41
1673944429849 21888.0 42
1673944438414 21664.0 43
1673944446927 21912.0 44
1673944455402 22440.0 45
1673944463909 21168.0 46
1673944472402 22096.0 47
1673944480862 22256.0 48
1673944489332 21480.0 49
1673944497828 22088.0 50
1673944506319 22224.0 51
1673944515330 22368.0 52
1673944525228 22568.0 53
1673944534249 22480.0 54
1673944542733 22336.0 55
1673944551234 21872.0 56
1673944559732 22768.0 57
1673944568321 22352.0 58
1673944576825 22304.0 59
1673944585316 22360.0 60
1673944593812 22360.0 61
1673944602348 22568.0 62
