1673919287769 6555249.5 0
1673919297850 5879397.5 1
1673919307945 4931221.0 2
1673919317990 2784066.0 3
1673919328006 2747882.0 4
1673919337982 2792480.0 5
1673919346922 2756456.0 6
1673919355864 2704524.0 7
1673919365751 2596112.0 8
1673919375588 1493164.0 9
1673919385350 1488256.0 10
1673919395114 1422560.0 11
1673919404905 1427824.0 12
1673919413660 1395288.0 13
1673919423559 1373944.0 14
1673919433349 1384884.0 15
1673919442123 1368880.0 16
1673919452232 1319472.0 17
1673919461941 1334160.0 18
1673919470678 1293148.0 19
1673919480442 1360780.0 20
1673919489174 1340092.0 21
1673919497906 1317236.0 22
1673919506682 1287168.0 23
1673919516330 1314144.0 24
1673919525290 1296600.0 25
1673919533984 1305832.0 26
1673919542673 1292076.0 27
1673919551325 1285864.0 28
1673919560974 1298176.0 29
1673919569660 1270600.0 30
1673919579297 1245348.0 31
1673919588958 1235184.0 32
1673919598588 1210956.0 33
1673919608197 8032.0 34
1673919617850 8024.0 35
1673919627486 7392.0 36
1673919637146 7912.0 37
1673919645792 7584.0 38
1673919654778 7488.0 39
1673919663518 35520.0 40
1673919672179 6464.0 41
1673919681786 6496.0 42
1673919690480 6312.0 43
1673919700098 5704.0 44
1673919709758 5952.0 45
1673919718446 5960.0 46
1673919727118 6248.0 47
1673919735806 6104.0 48
1673919744438 5656.0 49
1673919753988 6080.0 50
1673919762642 5552.0 51
1673919772269 5368.0 52
1673919781859 5968.0 53
1673919790511 5576.0 54
1673919799184 5584.0 55
1673919807886 5328.0 56
1673919817513 5408.0 57
1673919826098 5608.0 58
1673919834717 5336.0 59
1673919843373 5480.0 60
1673919851945 6136.0 61
1673919860542 5872.0 62
1673919869165 5672.0 63
1673919877745 5952.0 64
1673919886405 5840.0 65
1673919894997 5912.0 66
1673919903587 5288.0 67
1673919913151 5304.0 68
1673919921802 5760.0 69
1673919930407 5416.0 70
1673919939040 5368.0 71
1673919947770 5384.0 72
1673919956432 4824.0 73
1673919965981 5400.0 74
1673919974659 4696.0 75
1673919984241 4672.0 76
1673919993975 4704.0 77
1673920002636 5232.0 78
1673920011243 4768.0 79
1673920019829 4760.0 80
1673920028485 4464.0 81
1673920038094 4832.0 82
1673920046733 4584.0 83
1673920055295 5032.0 84
1673920063846 4688.0 85
1673920072753 4720.0 86
1673920081359 4376.0 87
1673920090949 4680.0 88
1673920099524 4280.0 89
1673920109178 4408.0 90
1673920117780 4728.0 91
1673920126438 4360.0 92
1673920135037 4824.0 93
1673920143647 4504.0 94
1673920152228 4872.0 95
1673920160788 5160.0 96
1673920169366 4832.0 97
1673920177972 4488.0 98
1673920186546 5240.0 99
1673920195093 4904.0 100
1673920203662 5408.0 101
1673920212286 5656.0 102
1673920220866 5816.0 103
1673920229446 6216.0 104
1673920238025 5928.0 105
1673920246567 6752.0 106
1673920255124 6912.0 107
1673920263699 7256.0 108
1673920272332 7672.0 109
1673920280999 7304.0 110
1673920289548 7920.0 111
1673920298110 8184.0 112
1673920306708 7832.0 113
1673920315222 8064.0 114
