1674020120906 4302467.0 0
1674020131999 2870482.0 1
1674020142729 2989615.0 2
1674020151965 2833852.0 3
1674020162947 2383918.0 4
1674020173716 1772780.0 5
1674020185393 1215788.0 6
1674020196499 1197852.0 7
1674020207129 1212214.0 8
1674020216229 1264816.0 9
1674020225277 1224324.0 10
1674020234535 1223732.0 11
1674020243589 1212590.0 12
1674020252680 1204284.0 13
1674020261690 1154932.0 14
1674020272279 1154136.0 15
1674020282798 1170180.0 16
1674020291782 1158064.0 17
1674020300941 1141226.0 18
1674020311605 948636.0 19
1674020322049 413004.0 20
1674020332476 397888.0 21
1674020342907 413952.0 22
1674020351876 408424.0 23
1674020360791 415668.0 24
1674020370198 402336.0 25
1674020379179 410096.0 26
1674020388126 403880.0 27
1674020397099 398920.0 28
1674020406592 400068.0 29
1674020415768 398460.0 30
1674020425922 397532.0 31
1674020436800 394412.0 32
1674020447200 399328.0 33
1674020456066 400564.0 34
1674020465082 394488.0 35
1674020473976 399788.0 36
1674020482737 394708.0 37
1674020491624 391412.0 38
1674020502048 395112.0 39
1674020510965 390828.0 40
1674020521534 386848.0 41
1674020531779 402476.0 42
1674020540592 386056.0 43
1674020551504 393536.0 44
1674020560376 395044.0 45
1674020569247 395132.0 46
1674020578295 384968.0 47
1674020588797 396832.0 48
1674020598327 394056.0 49
1674020608570 380068.0 50
1674020618894 387676.0 51
1674020627762 382176.0 52
1674020636690 388076.0 53
1674020645690 390192.0 54
1674020654489 389636.0 55
1674020663347 381768.0 56
1674020672128 385244.0 57
1674020680913 380424.0 58
1674020689702 376048.0 59
1674020700161 384076.0 60
1674020708932 373872.0 61
1674020719490 382664.0 62
1674020728298 383212.0 63
1674020737009 379680.0 64
1674020745766 371520.0 65
1674020756184 380936.0 66
1674020764942 373060.0 67
1674020773762 379068.0 68
1674020783840 377072.0 69
1674020793452 374724.0 70
1674020802461 372640.0 71
1674020811212 373908.0 72
1674020819941 362860.0 73
1674020830631 369300.0 74
1674020839387 373932.0 75
1674020848152 365228.0 76
1674020856815 373240.0 77
1674020865579 367496.0 78
1674020874386 363664.0 79
1674020883157 367420.0 80
1674020891900 373040.0 81
1674020900682 370396.0 82
1674020909478 359896.0 83
1674020919836 361464.0 84
1674020928542 365120.0 85
1674020937208 362616.0 86
1674020946175 366056.0 87
1674020954943 369756.0 88
1674020963739 353512.0 89
1674020974081 365156.0 90
1674020982764 362644.0 91
1674020991449 355080.0 92
1674021000123 356420.0 93
1674021009049 358924.0 94
1674021018682 355516.0 95
1674021028832 362592.0 96
1674021037622 354104.0 97
1674021046373 357116.0 98
1674021055060 358304.0 99
1674021063708 358312.0 100
1674021072394 350300.0 101
1674021082698 347624.0 102
1674021092887 362652.0 103
1674021101615 354308.0 104
1674021110382 349052.0 105
1674021119108 350684.0 106
1674021127803 348116.0 107
1674021136462 176680.0 108
1674021146764 64760.0 109
1674021156923 64448.0 110
1674021167081 64392.0 111
1674021177204 63888.0 112
1674021187423 66016.0 113
1674021196624 62280.0 114
1674021207833 60912.0 115
1674021218018 60960.0 116
1674021226699 61976.0 117
1674021235362 60992.0 118
1674021244109 60032.0 119
1674021254408 58624.0 120
1674021264540 58304.0 121
1674021274703 57008.0 122
1674021284855 58048.0 123
1674021293606 58592.0 124
1674021302387 56720.0 125
1674021312902 55864.0 126
1674021322955 56904.0 127
1674021331679 56000.0 128
1674021340429 53856.0 129
1674021350587 54200.0 130
1674021359240 51664.0 131
1674021369685 50408.0 132
1674021380865 49072.0 133
1674021391758 48176.0 134
1674021401900 49664.0 135
1674021410593 49512.0 136
1674021419154 46848.0 137
1674021429562 46696.0 138
1674021439714 44768.0 139
1674021449847 42816.0 140
1674021459930 42664.0 141
1674021470090 41136.0 142
1674021480154 38904.0 143
1674021489649 39896.0 144
1674021498225 38696.0 145
1674021507769 37536.0 146
1674021517425 36896.0 147
1674021526872 37320.0 148
1674021535397 43744.0 149
