1673892994730 185935.609375 0
1673892994808 135789.609375 1
1673892994871 127228.75 2
1673892994934 119294.28125 3
1673892994997 55787.8125 4
1673892995059 107779.125 5
1673892995122 104103.4375 6
1673892995169 101499.625 7
1673892995231 99242.6875 8
1673892995294 49496.3125 9
1673892995352 97915.5 10
1673892995415 95830.625 11
1673892995462 46849.875 12
1673892995524 93258.0 13
1673892995588 46219.0 14
1673892995635 92362.5 15
1673892995697 46474.375 16
1673892995744 46395.25 17
1673892995806 46100.0 18
1673892995853 46227.125 19
1673892995916 91141.625 20
1673892995978 45860.5 21
1673892996041 90640.0 22
1673892996103 90281.125 23
1673892996150 44048.25 24
1673892996213 39237.0 25
1673892996291 78442.25 26
1673892996344 78034.0 27
1673892996422 78371.75 28
1673892996485 78230.0 29
1673892996547 39163.0 30
1673892996611 38891.0 31
1673892996673 39110.0 32
1673892996736 78011.25 33
1673892996814 78116.25 34
1673892996876 77823.0 35
1673892996945 39366.25 36
1673892997007 39094.75 37
1673892997070 77781.5 38
1673892997133 77453.75 39
1673892997196 38634.25 40
1673892997258 38957.5 41
1673892997321 77761.5 42
1673892997383 77848.5 43
1673892997466 77655.5 44
1673892997529 77558.5 45
1673892997591 39005.5 46
1673892997654 38791.75 47
1673892997717 38871.5 48
1673892997779 77672.5 49
1673892997842 38905.5 50
1673892997904 39239.75 51
1673892997967 77507.25 52
1673892998029 39060.75 53
1673892998114 77305.25 54
1673892998177 77335.25 55
1673892998239 38599.5 56
1673892998302 77201.0 57
1673892998381 38637.0 58
1673892998443 38847.0 59
1673892998506 37999.0 60
1673892998568 73152.5 61
1673892998632 36749.5 62
1673892998694 36580.5 63
1673892998757 73027.5 64
1673892998823 36516.5 65
1673892998885 36509.0 66
1673892998948 36255.5 67
1673892999027 72900.5 68
1673892999089 72804.0 69
1673892999152 72792.0 70
1673892999214 72469.5 71
1673892999277 72599.0 72
1673892999355 72414.5 73
1673892999402 36232.5 74
1673892999480 72656.5 75
1673892999542 36314.0 76
1673892999605 36343.5 77
1673892999667 72638.0 78
1673892999730 36246.0 79
1673892999792 71894.0 80
1673892999855 36165.5 81
1673892999917 36144.5 82
1673892999995 72379.0 83
1673893000058 72087.5 84
1673893000120 71872.5 85
1673893000176 36187.5 86
1673893000239 72049.5 87
1673893000301 35758.5 88
1673893000380 71852.0 89
1673893000427 36104.0 90
1673893000490 72001.5 91
1673893000552 35832.0 92
1673893000630 71804.5 93
1673893000693 36121.5 94
1673893000755 71889.0 95
1673893000818 35931.5 96
1673893000880 35800.5 97
1673893000927 35756.0 98
1673893001005 71980.0 99
1673893001068 35520.0 100
1673893001130 71414.0 101
1673893001192 35516.0 102
1673893001255 35735.5 103
1673893001317 35312.0 104
1673893001380 71000.0 105
1673893001458 35572.5 106
1673893001505 35499.5 107
1673893001577 35438.5 108
1673893001639 35494.0 109
1673893001702 35353.0 110
1673893001765 71020.5 111
1673893001828 35187.5 112
1673893001890 70798.5 113
1673893001953 35332.0 114
1673893002015 35130.5 115
1673893002097 35209.5 116
1673893002175 70447.5 117
1673893002253 34975.0 118
1673893002332 70382.0 119
1673893002411 70395.0 120
1673893002509 69910.5 121
1673893002586 34987.0 122
1673893002680 70125.5 123
1673893002742 69912.0 124
1673893002820 35082.0 125
1673893002883 34916.0 126
1673893002961 34820.5 127
1673893003039 69788.5 128
1673893003117 69542.0 129
1673893003195 34852.5 130
1673893003258 34747.5 131
1673893003336 69284.5 132
1673893003399 34678.0 133
1673893003462 34787.0 134
1673893003524 34549.0 135
1673893003602 68705.5 136
1673893003655 34648.0 137
1673893003717 34562.0 138
1673893003780 34418.0 139
1673893003858 69065.0 140
1673893003905 34354.0 141
1673893003983 65072.0 142
1673893004046 57687.0 143
1673893004108 28827.0 144
1673893004171 28883.0 145
1673893004233 57715.0 146
1673893004299 28883.0 147
1673893004362 29039.0 148
1673893004424 29217.0 149
