1673896099305 47577.265625 0
1673896099336 56046.0 1
1673896099367 33418.40625 2
1673896099398 44493.375 3
1673896099414 28371.140625 4
1673896099445 38157.21875 5
1673896099461 36393.28125 6
1673896099492 24547.78125 7
1673896099523 23853.15625 8
1673896099539 23663.59375 9
1673896099570 32927.8125 10
1673896099601 22541.21875 11
1673896099633 33077.5625 12
1673896099648 32148.5625 13
1673896099680 32154.375 14
1673896099695 31800.375 15
1673896099726 31509.5625 16
1673896099742 21842.0 17
1673896099773 31323.9375 18
1673896099805 31450.9375 19
1673896099820 21216.3125 20
1673896099851 31081.4375 21
1673896099883 21457.5625 22
1673896099898 30752.9375 23
1673896099930 30742.0625 24
1673896099945 21164.4375 25
1673896099987 30320.375 26
1673896100018 21155.8125 27
1673896100049 30677.375 28
1673896100080 30583.9375 29
1673896100112 30531.4375 30
1673896100127 30505.375 31
1673896100159 30670.3125 32
1673896100190 30812.1875 33
1673896100205 30193.75 34
1673896100237 30209.25 35
1673896100269 30026.375 36
1673896100284 20867.75 37
1673896100316 21009.125 38
1673896100331 20712.625 39
1673896100363 30121.625 40
1673896100398 30129.875 41
1673896100413 29829.625 42
1673896100445 20896.375 43
1673896100460 29801.375 44
1673896100492 30319.625 45
1673896100508 29914.875 46
1673896100539 30133.5 47
1673896100570 20897.125 48
1673896100586 29933.625 49
1673896100617 30085.125 50
1673896100649 30370.625 51
1673896100664 30244.0 52
1673896100695 20641.25 53
1673896100727 30055.625 54
1673896100742 20617.875 55
1673896100773 29834.625 56
1673896100805 20556.0 57
1673896100820 20679.5 58
1673896100852 29710.5 59
1673896100883 29567.5 60
1673896100898 20388.875 61
1673896100930 20658.375 62
1673896100961 29789.375 63
1673896100977 20614.125 64
1673896101008 29696.375 65
1673896101039 29640.875 66
1673896101070 29744.375 67
1673896101086 20459.0 68
1673896101117 29729.0 69
1673896101133 20607.125 70
1673896101164 20772.5 71
1673896101195 29909.125 72
1673896101211 28870.875 73
1673896101242 27725.5 74
1673896101273 27627.25 75
1673896101289 27874.75 76
1673896101320 27541.0 77
1673896101351 27410.0 78
1673896101367 19266.0 79
1673896101398 27449.0 80
1673896101430 27721.25 81
1673896101445 27363.25 82
1673896101476 27201.5 83
1673896101508 27259.0 84
1673896101523 18996.75 85
1673896101555 27553.75 86
1673896101586 27656.0 87
1673896101617 18915.75 88
1673896101633 27657.5 89
1673896101664 18909.75 90
1673896101695 27414.25 91
1673896101711 19170.25 92
1673896101742 27583.5 93
1673896101758 27439.0 94
1673896101789 27333.5 95
1673896101804 19142.0 96
1673896101836 27694.0 97
1673896101867 28121.25 98
1673896101883 19063.25 99
1673896101914 27555.25 100
1673896101945 19285.25 101
1673896101961 18874.75 102
1673896101992 27688.75 103
1673896102023 19034.75 104
1673896102054 27561.0 105
1673896102086 18872.0 106
1673896102101 27367.25 107
1673896102133 18947.75 108
1673896102164 27396.25 109
1673896102179 27349.0 110
1673896102211 27285.0 111
1673896102242 27252.0 112
1673896102258 27371.5 113
1673896102289 27394.0 114
1673896102304 27180.25 115
1673896102336 18735.0 116
1673896102367 19070.5 117
1673896102382 18748.25 118
1673896102414 27454.75 119
1673896102445 27432.25 120
1673896102461 18955.75 121
1673896102492 18955.0 122
1673896102507 27138.0 123
1673896102539 27312.75 124
1673896102570 27293.25 125
1673896102586 19069.75 126
1673896102617 27200.5 127
1673896102648 18879.0 128
1673896102664 27445.75 129
1673896102695 18903.25 130
1673896102711 18703.25 131
1673896102742 27244.0 132
1673896102773 18968.0 133
1673896102789 27415.5 134
1673896102820 27103.5 135
1673896102851 18697.0 136
1673896102882 26988.0 137
1673896102898 26920.5 138
1673896102929 18506.5 139
1673896102960 27105.0 140
1673896102976 18837.75 141
1673896103007 18685.75 142
1673896103040 18862.0 143
1673896103056 26884.25 144
1673896103087 27107.0 145
1673896103114 27054.5 146
1673896103154 26957.0 147
1673896103170 18655.75 148
1673896103202 18489.0 149
