1673897177178 6661974.0 0
1673897188289 5827733.0 1
1673897199363 5074643.0 2
1673897211031 2729042.0 3
1673897221575 2692026.0 4
1673897231822 2703422.0 5
1673897241188 2582870.0 6
1673897251260 2617876.0 7
1673897260169 2653558.0 8
1673897269213 1315980.0 9
1673897279211 1286320.0 10
1673897289296 1283096.0 11
1673897300109 1249076.0 12
1673897310267 1228644.0 13
1673897320538 1207256.0 14
1673897332041 1161528.0 15
1673897342613 1178308.0 16
1673897351436 1202900.0 17
1673897361709 1231356.0 18
1673897371074 1208320.0 19
1673897383107 1245548.0 20
1673897394421 1186484.0 21
1673897405073 1211320.0 22
1673897415661 1177164.0 23
1673897426159 1223740.0 24
1673897437212 1173388.0 25
1673897447908 1210584.0 26
1673897457884 1186648.0 27
1673897467771 1178144.0 28
1673897477647 1196688.0 29
1673897487510 1178040.0 30
1673897497367 1186936.0 31
1673897507340 1211456.0 32
1673897517503 1204800.0 33
1673897529158 1178704.0 34
1673897542575 1154856.0 35
1673897553582 913260.0 36
1673897564493 16488.0 37
1673897575445 18168.0 38
1673897585488 17488.0 39
1673897595490 16952.0 40
1673897605414 16608.0 41
1673897614751 16360.0 42
1673897625747 16184.0 43
1673897636677 16232.0 44
1673897647937 16672.0 45
1673897659370 16160.0 46
1673897670709 16048.0 47
1673897680989 16160.0 48
1673897689775 15888.0 49
1673897699843 15936.0 50
1673897708797 15304.0 51
1673897725048 15592.0 52
1673897741438 16480.0 53
1673897758570 16152.0 54
1673897774522 15064.0 55
1673897792411 14480.0 56
1673897810830 14256.0 57
1673897829236 14648.0 58
1673897845074 14128.0 59
1673897862599 14120.0 60
1673897879100 14088.0 61
1673897894772 14472.0 62
1673897909012 14144.0 63
1673897924751 13152.0 64
1673897942944 14504.0 65
1673897959258 13032.0 66
1673897980267 11608.0 67
1673897998756 14632.0 68
1673898015649 13136.0 69
1673898031934 13560.0 70
1673898047926 13888.0 71
1673898062816 12736.0 72
1673898078034 12952.0 73
1673898094339 13608.0 74
1673898110323 13848.0 75
1673898126899 12736.0 76
1673898143736 13032.0 77
1673898160369 13200.0 78
1673898176824 12776.0 79
1673898193774 13552.0 80
1673898211559 13056.0 81
1673898227760 12600.0 82
1673898243267 12896.0 83
1673898260193 12832.0 84
1673898273923 12840.0 85
1673898283451 12800.0 86
1673898293310 12736.0 87
1673898302884 13384.0 88
1673898313057 13368.0 89
1673898325258 13560.0 90
1673898335918 13528.0 91
1673898346153 13384.0 92
