1673893373287 157964.65625 0
1673893373350 108135.84375 1
1673893373412 96852.59375 2
1673893373475 88469.375 3
1673893373537 40882.5 4
1673893373600 78166.96875 5
1673893373662 74365.5625 6
1673893373718 71374.4375 7
1673893373781 68725.1875 8
1673893373843 33911.625 9
1673893373906 32789.375 10
1673893373973 31359.0 11
1673893374036 62301.3125 12
1673893374098 30470.5625 13
1673893374161 60443.625 14
1673893374208 58232.375 15
1673893374271 28988.625 16
1673893374333 28697.625 17
1673893374380 28631.875 18
1673893374443 28531.375 19
1673893374505 56408.25 20
1673893374568 56116.25 21
1673893374614 56199.375 22
1673893374677 56334.625 23
1673893374724 27798.875 24
1673893374786 27688.0 25
1673893374849 55198.625 26
1673893374916 27206.75 27
1673893374979 54681.25 28
1673893375026 54144.625 29
1673893375072 26889.875 30
1673893375135 26939.625 31
1673893375197 53410.375 32
1673893375244 26487.75 33
1673893375307 26687.125 34
1673893375369 52726.25 35
1673893375416 26170.75 36
1673893375494 52442.875 37
1673893375541 26263.75 38
1673893375604 51912.125 39
1673893375666 51495.375 40
1673893375728 24500.75 41
1673893375791 48901.75 42
1673893375853 48885.5 43
1673893375916 48949.25 44
1673893375978 48486.5 45
1673893376041 48157.75 46
1673893376103 24194.0 47
1673893376166 24135.0 48
1673893376228 48305.25 49
1673893376291 48258.25 50
1673893376353 24082.75 51
1673893376416 47934.5 52
1673893376473 24125.0 53
1673893376535 23926.75 54
1673893376613 23946.25 55
1673893376677 47920.25 56
1673893376739 48066.5 57
1673893376786 23831.25 58
1673893376864 47526.25 59
1673893376927 23830.0 60
1673893376989 47576.0 61
1673893377052 47411.25 62
1673893377114 47518.0 63
1673893377177 46845.5 64
1673893377239 47331.0 65
1673893377302 23425.5 66
1673893377364 23523.0 67
1673893377427 23565.75 68
1673893377477 46461.5 69
1673893377540 46847.25 70
1673893377602 46885.75 71
1673893377666 23789.75 72
1673893377728 46514.5 73
1673893377775 23308.75 74
1673893377857 23308.75 75
1673893377919 23223.75 76
1673893377982 46348.75 77
1673893378045 46374.25 78
1673893378100 46247.5 79
1673893378162 46464.75 80
1673893378225 46080.0 81
1673893378287 23149.25 82
1673893378351 23256.5 83
1673893378413 46193.5 84
1673893378476 45972.5 85
1673893378523 46057.25 86
1673893378585 46033.75 87
1673893378648 23080.75 88
1673893378710 45719.5 89
1673893378773 46113.75 90
1673893378835 45803.25 91
1673893378898 45754.0 92
1673893378944 45666.0 93
1673893379007 22909.0 94
1673893379069 44233.75 95
1673893379132 43330.5 96
1673893379194 43426.5 97
1673893379241 21643.0 98
1673893379319 21824.5 99
1673893379382 21735.0 100
1673893379429 21623.0 101
1673893379507 21524.0 102
1673893379570 43253.5 103
1673893379616 43084.0 104
1673893379679 21487.0 105
1673893379741 42895.0 106
1673893379804 43162.5 107
1673893379866 42826.5 108
1673893379929 42644.5 109
1673893379976 42975.5 110
1673893380044 42539.0 111
1673893380106 21237.5 112
1673893380169 42845.0 113
1673893380237 42721.5 114
1673893380284 21269.0 115
1673893380347 42581.0 116
1673893380394 21230.5 117
1673893380456 21343.5 118
1673893380518 42551.5 119
1673893380569 21112.0 120
1673893380632 42529.0 121
1673893380694 21331.5 122
1673893380742 21300.0 123
1673893380804 21181.0 124
1673893380851 21158.0 125
1673893380914 21039.0 126
1673893380976 41796.0 127
1673893381039 41992.5 128
1673893381086 41905.5 129
1673893381148 21066.5 130
1673893381211 21003.0 131
1673893381273 21002.5 132
1673893381336 41774.5 133
1673893381382 20907.5 134
1673893381445 41698.0 135
1673893381507 41675.0 136
1673893381570 21042.0 137
1673893381632 41287.0 138
1673893381679 41605.0 139
1673893381742 42060.5 140
1673893381789 20831.0 141
1673893381867 41691.0 142
1673893381919 20871.0 143
1673893381981 20867.5 144
1673893382028 41562.0 145
1673893382091 41468.5 146
1673893382154 41481.5 147
1673893382216 41540.5 148
1673893382279 41652.0 149
