1673956405453 9562696.0 0
1673956422048 8119426.0 1
1673956438551 3789244.0 2
1673956454972 3827124.0 3
1673956470280 3759030.0 4
1673956486514 3759452.0 5
1673956501703 3006664.0 6
1673956517803 2815372.0 7
1673956533856 2828844.0 8
1673956548929 2826724.0 9
1673956563869 2781752.0 10
1673956579796 2791924.0 11
1673956594736 2797108.0 12
1673956609683 2721148.0 13
1673956625663 2776640.0 14
1673956640639 2806316.0 15
1673956655510 2766988.0 16
1673956670387 2802124.0 17
1673956685253 590176.0 18
1673956701095 22104.0 19
1673956717162 23368.0 20
1673956732184 23176.0 21
1673956747070 23688.0 22
1673956762017 22776.0 23
1673956777776 21096.0 24
1673956793639 22664.0 25
1673956808526 22000.0 26
1673956823383 22056.0 27
1673956838307 20976.0 28
1673956854200 20824.0 29
1673956870063 21080.0 30
1673956884951 22136.0 31
1673956899863 20440.0 32
1673956915942 19992.0 33
1673956931885 19464.0 34
1673956947663 20144.0 35
1673956962581 20168.0 36
1673956977421 19624.0 37
1673956992272 19704.0 38
1673957007223 19552.0 39
1673957022089 18856.0 40
1673957037959 19256.0 41
1673957052804 19424.0 42
1673957067682 18032.0 43
1673957083558 18288.0 44
1673957098397 18656.0 45
1673957113281 18496.0 46
1673957128362 18448.0 47
1673957143252 19008.0 48
1673957158101 18608.0 49
1673957172951 18448.0 50
1673957187753 17096.0 51
1673957203602 18456.0 52
1673957218497 18584.0 53
1673957233405 17936.0 54
1673957248255 17544.0 55
1673957263074 17592.0 56
1673957277881 17688.0 57
1673957292826 17632.0 58
1673957307809 18040.0 59
1673957322594 16952.0 60
1673957338406 17128.0 61
1673957353278 17776.0 62
1673957368114 17728.0 63
1673957382927 17528.0 64
1673957397687 16448.0 65
1673957413535 17040.0 66
1673957428339 16448.0 67
1673957444194 16408.0 68
1673957459915 16968.0 69
1673957474859 16536.0 70
1673957489619 16200.0 71
1673957505454 16536.0 72
1673957520258 15800.0 73
1673957536078 16392.0 74
1673957550871 15784.0 75
1673957566686 15792.0 76
1673957581533 15992.0 77
1673957596315 15912.0 78
1673957611109 16312.0 79
1673957626034 15784.0 80
1673957641913 15824.0 81
1673957656743 15128.0 82
1673957672503 15312.0 83
1673957687362 15416.0 84
1673957702152 15328.0 85
1673957716920 15808.0 86
1673957731674 15752.0 87
1673957746427 15392.0 88
1673957761298 15544.0 89
1673957776187 15320.0 90
1673957790900 15048.0 91
1673957806696 15288.0 92
1673957821517 15168.0 93
1673957836276 15152.0 94
1673957851061 14976.0 95
1673957866823 14864.0 96
1673957882605 15192.0 97
1673957897433 15000.0 98
1673957912296 15232.0 99
1673957926998 15224.0 100
1673957941798 15440.0 101
1673957956590 14576.0 102
1673957972279 15152.0 103
1673957987339 14752.0 104
1673958002075 14984.0 105
1673958016891 14632.0 106
1673958031638 14216.0 107
1673958047388 14584.0 108
1673958062106 14560.0 109
1673958076854 14848.0 110
1673958091644 14456.0 111
1673958106339 14168.0 112
1673958122101 14096.0 113
1673958137947 14016.0 114
1673958153721 14856.0 115
1673958168472 14648.0 116
1673958183156 14424.0 117
1673958197843 14264.0 118
1673958212639 13896.0 119
1673958228363 13544.0 120
1673958244101 13848.0 121
1673958258839 14712.0 122
1673958273608 14312.0 123
1673958288315 13968.0 124
1673958303057 13424.0 125
1673958318799 14128.0 126
1673958333631 12944.0 127
1673958349341 13368.0 128
1673958364041 13640.0 129
1673958378685 13456.0 130
1673958393313 12544.0 131
1673958408941 13360.0 132
1673958423627 13360.0 133
1673958438359 12696.0 134
1673958452994 13192.0 135
1673958467653 12352.0 136
1673958483323 12744.0 137
1673958498071 12136.0 138
1673958513763 13136.0 139
1673958528457 12008.0 140
1673958544310 11480.0 141
1673958559947 12000.0 142
1673958574635 11368.0 143
1673958590243 11240.0 144
1673958605839 11352.0 145
1673958620441 10600.0 146
1673958635997 10856.0 147
1673958650606 9928.0 148
1673958666191 10432.0 149
