1674096071544 6222054.0 0
1674096088488 5213600.0 1
1674096105411 3542491.0 2
1674096122275 2441187.0 3
1674096139000 2206902.0 4
1674096155469 2128126.0 5
1674096171933 2062334.0 6
1674096188300 2081908.0 7
1674096204823 1964164.0 8
1674096222022 2064644.0 9
1674096236789 1972474.0 10
1674096251487 1974680.0 11
1674096266193 1660452.0 12
1674096282260 1611816.0 13
1674096298430 1581732.0 14
1674096314692 1580900.0 15
1674096330802 1548444.0 16
1674096346834 1495556.0 17
1674096362942 1452704.0 18
1674096380116 1403300.0 19
1674096397503 1436904.0 20
1674096412077 1379864.0 21
1674096428164 1358196.0 22
1674096444173 1333044.0 23
1674096460486 1306320.0 24
1674096476454 1320408.0 25
1674096490829 1286088.0 26
1674096506647 1240604.0 27
1674096522515 1245440.0 28
1674096536756 1234232.0 29
1674096552667 1215780.0 30
1674096568762 1211164.0 31
1674096584417 1158492.0 32
1674096600233 1159056.0 33
1674096614515 1160132.0 34
1674096631155 1164980.0 35
1674096645648 737100.0 36
1674096661332 121096.0 37
1674096677065 119384.0 38
1674096692875 119456.0 39
1674096707132 119464.0 40
1674096721387 125064.0 41
1674096735524 117544.0 42
1674096752255 122168.0 43
1674096766323 119680.0 44
1674096780552 117816.0 45
1674096795051 120608.0 46
1674096811417 116304.0 47
1674096827039 120264.0 48
1674096840950 119072.0 49
1674096854794 120184.0 50
1674096868699 119960.0 51
1674096882598 117552.0 52
1674096896467 120696.0 53
1674096910368 118072.0 54
1674096924338 116640.0 55
1674096938229 116128.0 56
1674096955801 114936.0 57
1674096971381 114368.0 58
1674096988799 112384.0 59
1674097003831 111048.0 60
1674097018701 114208.0 61
1674097032570 112752.0 62
1674097046426 113928.0 63
1674097060239 111704.0 64
1674097074127 113656.0 65
1674097089115 111864.0 66
1674097105145 111328.0 67
1674097119231 111832.0 68
1674097133222 112160.0 69
1674097147266 107464.0 70
1674097162774 112360.0 71
1674097176799 109832.0 72
1674097190863 108312.0 73
1674097204866 108856.0 74
1674097220048 109296.0 75
1674097235748 106272.0 76
1674097251319 107144.0 77
1674097265412 106008.0 78
1674097280968 109312.0 79
1674097295159 104496.0 80
1674097310801 104600.0 81
1674097324748 104352.0 82
1674097340274 103408.0 83
1674097355784 103112.0 84
1674097371619 106832.0 85
1674097385717 104984.0 86
1674097400932 105792.0 87
1674097416473 100792.0 88
1674097431964 103096.0 89
1674097445943 103544.0 90
1674097459955 102560.0 91
1674097473885 100448.0 92
1674097489156 100000.0 93
1674097504627 98296.0 94
1674097520054 98160.0 95
1674097535513 102096.0 96
1674097549270 98176.0 97
1674097563365 96328.0 98
1674097580479 98608.0 99
1674097596177 96824.0 100
1674097610088 96584.0 101
1674097624075 96848.0 102
1674097638133 97968.0 103
1674097652560 94080.0 104
1674097668344 95368.0 105
1674097682099 93872.0 106
1674097697463 95272.0 107
1674097711444 93032.0 108
1674097726834 93192.0 109
1674097750054 95072.0 110
1674097773423 90416.0 111
1674097800263 93024.0 112
1674097825818 89296.0 113
1674097855458 95224.0 114
1674097879353 89736.0 115
1674097903378 91288.0 116
1674097929373 86632.0 117
1674097956290 88088.0 118
1674097981091 88920.0 119
1674098004835 89928.0 120
1674098031956 83744.0 121
1674098059166 88992.0 122
1674098083380 90920.0 123
1674098109187 84896.0 124
1674098134907 85184.0 125
1674098160598 86392.0 126
1674098185659 85720.0 127
1674098210191 80800.0 128
1674098236728 83576.0 129
1674098262947 84904.0 130
1674098287385 83280.0 131
1674098313191 86208.0 132
1674098337753 85624.0 133
1674098361846 81120.0 134
1674098386698 82608.0 135
1674098411309 79448.0 136
1674098439207 85928.0 137
1674098464274 77736.0 138
1674098490596 78200.0 139
1674098516699 75512.0 140
1674098544838 76848.0 141
1674098570516 78280.0 142
1674098596421 75336.0 143
1674098625809 76560.0 144
1674098652836 76976.0 145
1674098678923 77104.0 146
1674098704683 72440.0 147
1674098733217 73544.0 148
1674098759072 74872.0 149
