1673896297186 91562.0546875 0
1673896297233 55137.6640625 1
1673896297264 47337.03125 2
1673896297311 43637.015625 3
1673896297343 40874.640625 4
1673896297374 38241.21875 5
1673896297423 36855.5 6
1673896297463 35780.0625 7
1673896297494 34201.34375 8
1673896297525 33177.5625 9
1673896297572 32761.09375 10
1673896297604 31639.34375 11
1673896297643 30664.34375 12
1673896297680 30540.6875 13
1673896297704 29991.625 14
1673896297751 29713.75 15
1673896297782 29356.6875 16
1673896297829 28871.5 17
1673896297872 28477.1875 18
1673896297903 19960.3125 19
1673896297935 19275.625 20
1673896297982 27924.25 21
1673896298014 28041.5625 22
1673896298060 27887.75 23
1673896298103 27670.0 24
1673896298139 27442.5625 25
1673896298170 27384.3125 26
1673896298201 27333.8125 27
1673896298232 18800.0 28
1673896298279 27369.9375 29
1673896298312 26871.1875 30
1673896298345 26487.125 31
1673896298385 25823.0 32
1673896298416 25790.625 33
1673896298447 25744.75 34
1673896298479 25968.0 35
1673896298510 25583.25 36
1673896298551 25489.625 37
1673896298575 17643.625 38
1673896298606 17380.25 39
1673896298654 25373.125 40
1673896298685 25323.25 41
1673896298716 17509.875 42
1673896298747 17224.125 43
1673896298791 25132.75 44
1673896298815 24960.125 45
1673896298846 24900.125 46
1673896298893 24939.875 47
1673896298924 17009.0 48
1673896298956 17020.625 49
1673896298996 24697.875 50
1673896299034 25102.5 51
1673896299058 17132.125 52
1673896299105 24518.25 53
1673896299136 24309.375 54
1673896299167 24538.375 55
1673896299205 24411.0 56
1673896299243 24273.75 57
1673896299275 16570.625 58
1673896299306 24222.75 59
1673896299337 24165.375 60
1673896299384 23988.25 61
1673896299418 24238.125 62
1673896299451 24084.375 63
1673896299483 24085.625 64
1673896299523 24149.375 65
1673896299554 24357.875 66
1673896299585 23945.75 67
1673896299618 23648.875 68
1673896299651 23818.125 69
1673896299690 23765.5 70
1673896299722 24087.125 71
1673896299753 23699.875 72
1673896299784 16384.375 73
1673896299825 23649.625 74
1673896299859 23574.625 75
1673896299891 23730.0 76
1673896299923 23486.25 77
1673896299954 23068.75 78
1673896299985 15702.0 79
1673896300028 23083.25 80
1673896300059 15966.0 81
1673896300091 23020.5 82
1673896300122 23256.25 83
1673896300153 22968.0 84
1673896300200 22916.0 85
1673896300233 23005.25 86
1673896300263 23178.5 87
1673896300295 22717.0 88
1673896300327 15560.75 89
1673896300358 15782.0 90
1673896300389 15765.0 91
1673896300436 22857.75 92
1673896300457 22790.25 93
1673896300504 22916.0 94
1673896300528 15727.5 95
1673896300559 15590.5 96
1673896300590 22590.0 97
1673896300637 22462.25 98
1673896300671 22405.5 99
1673896300695 15526.25 100
1673896300727 22548.0 101
1673896300758 15505.25 102
1673896300805 15317.25 103
1673896300836 22412.5 104
1673896300873 22652.75 105
1673896300913 22292.0 106
1673896300938 22150.0 107
1673896300979 15260.25 108
1673896301010 22223.75 109
1673896301041 22130.25 110
1673896301085 22242.0 111
1673896301117 22159.75 112
1673896301141 15270.25 113
1673896301172 22194.5 114
1673896301203 21918.0 115
1673896301234 21969.0 116
1673896301266 15029.5 117
1673896301313 21821.75 118
1673896301345 21707.0 119
1673896301377 21849.25 120
1673896301408 21895.5 121
1673896301439 21775.0 122
1673896301470 22099.75 123
1673896301507 21781.75 124
1673896301546 21591.25 125
1673896301578 21531.5 126
1673896301609 21734.0 127
1673896301640 14870.0 128
1673896301687 21731.25 129
1673896301721 14946.5 130
1673896301745 21655.5 131
1673896301777 21486.0 132
1673896301808 21391.0 133
1673896301855 21375.0 134
1673896301886 21621.0 135
1673896301917 21390.75 136
1673896301946 21239.75 137
1673896301979 14695.25 138
1673896302011 21203.5 139
1673896302042 21175.75 140
1673896302073 21431.75 141
1673896302104 21356.5 142
1673896302136 14557.5 143
1673896302177 21303.75 144
1673896302217 21103.5 145
1673896302241 21179.75 146
1673896302285 21200.75 147
1673896302302 14612.5 148
1673896302333 20969.5 149
