1673896105294 96835.2734375 0
1673896105325 69315.1484375 1
1673896105356 64360.84375 2
1673896105403 59557.828125 3
1673896105434 56611.84375 4
1673896105472 54388.0625 5
1673896105519 52128.0625 6
1673896105550 50974.84375 7
1673896105583 50081.53125 8
1673896105630 33597.4375 9
1673896105661 48271.0625 10
1673896105692 47847.625 11
1673896105723 47205.0 12
1673896105770 47198.25 13
1673896105801 32356.0 14
1673896105836 46633.0625 15
1673896105868 46272.375 16
1673896105899 46135.8125 17
1673896105930 46047.75 18
1673896105962 45970.625 19
1673896105994 45767.5625 20
1673896106025 46138.625 21
1673896106056 46045.25 22
1673896106103 45933.75 23
1673896106134 45943.125 24
1673896106165 31735.0 25
1673896106197 46187.375 26
1673896106228 46083.625 27
1673896106275 45632.875 28
1673896106306 45984.625 29
1673896106338 31619.0 30
1673896106369 45848.0 31
1673896106401 45925.25 32
1673896106432 45382.25 33
1673896106479 45459.125 34
1673896106510 45354.125 35
1673896106541 45033.375 36
1673896106573 44988.875 37
1673896106619 44979.125 38
1673896106651 44883.125 39
1673896106682 45060.875 40
1673896106713 44771.625 41
1673896106744 45203.875 42
1673896106776 43744.625 43
1673896106807 40646.5 44
1673896106854 40522.5 45
1673896106885 40518.5 46
1673896106916 40362.25 47
1673896106947 40248.5 48
1673896106979 40376.75 49
1673896107010 40520.75 50
1673896107041 40363.0 51
1673896107072 40393.0 52
1673896107119 40374.5 53
1673896107150 40299.25 54
1673896107182 40399.75 55
