1674034719020 4196361.0 0
1674034731534 3310591.5 1
1674034744397 3888989.5 2
1674034755031 3488529.0 3
1674034765726 2495817.0 4
1674034777444 1390508.0 5
1674034789326 1464398.0 6
1674034800226 1623582.0 7
1674034810522 1630074.0 8
1674034821844 1742512.0 9
1674034833477 1627782.0 10
1674034844646 1695518.0 11
1674034855168 1622814.0 12
1674034865949 1653860.0 13
1674034877028 1631222.0 14
1674034887470 639922.0 15
1674034899245 578880.0 16
1674034911606 576156.0 17
1674034924340 603168.0 18
1674034934954 550904.0 19
1674034947463 570720.0 20
1674034957990 536116.0 21
1674034970428 566568.0 22
1674034980863 573668.0 23
1674034991588 511420.0 24
1674035004273 548116.0 25
1674035015565 551468.0 26
1674035026737 541740.0 27
1674035037303 551568.0 28
1674035047639 535368.0 29
1674035058134 534588.0 30
1674035068500 528592.0 31
1674035078870 537284.0 32
1674035089142 521044.0 33
1674035099454 475792.0 34
1674035111062 497300.0 35
1674035122100 504876.0 36
1674035132358 488640.0 37
1674035141944 485112.0 38
1674035152459 492616.0 39
1674035162598 507224.0 40
1674035172404 502100.0 41
1674035183572 460300.0 42
1674035196685 480600.0 43
1674035206937 489840.0 44
1674035217612 495536.0 45
1674035227415 490804.0 46
1674035238400 460152.0 47
1674035249977 470280.0 48
1674035259679 475940.0 49
1674035270005 501920.0 50
1674035280200 493264.0 51
1674035290628 472008.0 52
1674035301159 461264.0 53
1674035310743 467340.0 54
1674035320291 465116.0 55
1674035329789 462448.0 56
1674035339384 490364.0 57
1674035349643 470644.0 58
1674035359856 461796.0 59
1674035370009 445136.0 60
1674035382420 452672.0 61
1674035392886 465184.0 62
1674035403104 490528.0 63
1674035412823 492180.0 64
1674035423267 467632.0 65
1674035434346 460384.0 66
1674035445009 464896.0 67
1674035455418 483388.0 68
1674035465703 444896.0 69
1674035477928 471220.0 70
1674035488283 457716.0 71
1674035498595 455288.0 72
1674035508211 455692.0 73
1674035518486 442404.0 74
1674035529840 462932.0 75
1674035540152 469216.0 76
1674035550383 448192.0 77
1674035560755 430992.0 78
1674035572833 423308.0 79
1674035584250 434192.0 80
1674035594718 440360.0 81
1674035605853 439704.0 82
1674035617132 102300.0 83
1674035628679 44040.0 84
1674035640920 45208.0 85
1674035651274 45240.0 86
1674035661618 44136.0 87
1674035671990 44352.0 88
1674035682205 45992.0 89
1674035692533 46544.0 90
1674035702928 43800.0 91
1674035714251 44728.0 92
1674035724541 45536.0 93
1674035734651 43888.0 94
1674035744891 43256.0 95
1674035756989 43608.0 96
1674035766627 45584.0 97
1674035777085 45472.0 98
1674035788248 42616.0 99
1674035800959 43248.0 100
1674035811808 43840.0 101
1674035822188 42016.0 102
1674035833638 46072.0 103
1674035843773 46704.0 104
1674035854049 44176.0 105
1674035864122 43472.0 106
1674035874389 43040.0 107
1674035884567 42928.0 108
1674035894691 44520.0 109
1674035904878 44312.0 110
1674035915015 44240.0 111
1674035924902 44472.0 112
1674035934774 43640.0 113
1674035944976 44504.0 114
1674035955116 44648.0 115
1674035965210 44304.0 116
1674035974539 44536.0 117
1674035984724 44120.0 118
1674035994921 41128.0 119
1674036006947 44968.0 120
1674036017534 45416.0 121
1674036027818 44216.0 122
1674036038950 44048.0 123
1674036048446 43904.0 124
1674036058719 42408.0 125
1674036068561 43816.0 126
1674036078315 42776.0 127
1674036088353 44960.0 128
1674036098565 43392.0 129
1674036108861 40648.0 130
1674036120742 44168.0 131
1674036130292 43344.0 132
1674036140387 42064.0 133
1674036150551 43864.0 134
1674036160750 41688.0 135
1674036171071 41008.0 136
1674036181101 40448.0 137
1674036193133 42136.0 138
1674036203440 43120.0 139
1674036214710 42568.0 140
1674036225069 41616.0 141
1674036235293 38432.0 142
1674036247401 42600.0 143
1674036255476 40000.0 144
1674036261972 42200.0 145
1674036268560 41688.0 146
1674036275092 39008.0 147
1674036282205 41528.0 148
1674036288752 40424.0 149
