1674022659868 4706302.0 0
1674022667826 3439855.0 1
1674022675762 4068471.0 2
1674022682644 3941272.0 3
1674022689445 1814750.0 4
1674022697403 1382674.0 5
1674022705300 1377490.0 6
1674022713277 1402142.0 7
1674022720119 1426376.0 8
1674022726943 1439610.0 9
1674022733717 1444848.0 10
1674022740502 1489710.0 11
1674022747343 1523512.0 12
1674022754179 1546574.0 13
1674022760971 1572200.0 14
1674022767795 1183774.0 15
1674022776192 610396.0 16
1674022784096 614380.0 17
1674022790907 637260.0 18
1674022797713 643384.0 19
1674022804493 627880.0 20
1674022811272 632016.0 21
1674022818028 635468.0 22
1674022824849 635880.0 23
1674022831598 635452.0 24
1674022838351 656276.0 25
1674022845085 639804.0 26
1674022851809 643808.0 27
1674022858539 674248.0 28
1674022865304 636188.0 29
1674022872041 674864.0 30
1674022878757 681156.0 31
1674022885524 675924.0 32
1674022892235 663620.0 33
1674022898966 691780.0 34
1674022905745 677136.0 35
1674022912510 694228.0 36
1674022919547 713348.0 37
1674022926262 695068.0 38
1674022932984 703136.0 39
1674022939791 695772.0 40
1674022946518 683180.0 41
