1673893203679 112926.875 0
1673893203726 35876.875 1
1673893203788 68133.5 2
1673893203820 31718.984375 3
1673893203866 30323.765625 4
1673893203929 28770.3125 5
1673893203976 27962.9375 6
1673893204023 54961.71875 7
1673893204054 26556.78125 8
1673893204116 25730.40625 9
1673893204163 50988.34375 10
1673893204210 49675.25 11
1673893204257 24430.0 12
1673893204304 24198.0625 13
1673893204351 23645.4375 14
1673893204398 46398.8125 15
1673893204429 22977.0 16
1673893204489 22783.8125 17
1673893204536 44913.625 18
1673893204567 44400.9375 19
1673893204614 43984.6875 20
1673893204661 43867.0625 21
1673893204692 42834.6875 22
1673893204739 21539.6875 23
1673893204786 21503.375 24
1673893204833 42210.5 25
1673893204880 20975.0 26
1673893204921 41773.9375 27
1673893204968 20569.0 28
1673893205015 40836.625 29
1673893205062 40649.375 30
1673893205109 40508.125 31
1673893205141 20105.875 32
1673893205187 39853.25 33
1673893205234 39719.125 34
1673893205281 39579.5 35
1673893205312 39370.875 36
1673893205359 19481.625 37
1673893205406 19355.125 38
1673893205453 38980.5 39
1673893205500 38719.125 40
1673893205531 19288.5 41
1673893205578 38552.125 42
1673893205625 38421.625 43
1673893205656 37950.5 44
1673893205703 18901.875 45
1673893205750 37815.625 46
1673893205797 37862.25 47
1673893205828 37676.875 48
1673893205875 37518.25 49
1673893205922 37526.625 50
1673893205953 37319.625 51
1673893206007 18545.25 52
1673893206040 18687.625 53
1673893206087 36891.25 54
1673893206134 18479.375 55
1673893206181 18370.125 56
1673893206213 36888.5 57
1673893206260 36591.25 58
1673893206307 36245.5 59
1673893206338 35805.25 60
1673893206385 35852.25 61
1673893206432 35863.5 62
1673893206463 35474.5 63
1673893206510 17734.25 64
1673893206556 35110.0 65
1673893206603 17814.25 66
1673893206650 17637.25 67
1673893206697 34941.75 68
1673893206744 34694.5 69
1673893206791 17396.25 70
1673893206838 34512.25 71
1673893206885 34642.5 72
1673893206931 17209.0 73
1673893206994 34508.25 74
1673893207025 17151.25 75
1673893207088 34426.0 76
1673893207134 34517.5 77
1673893207166 34450.0 78
1673893207228 34532.25 79
1673893207275 17231.0 80
1673893207306 34313.5 81
1673893207363 16908.75 82
1673893207410 33937.0 83
1673893207456 33926.25 84
1673893207503 33743.25 85
1673893207550 33847.0 86
1673893207582 34192.75 87
1673893207629 33555.25 88
1673893207676 16955.25 89
1673893207723 33729.25 90
1673893207770 33949.25 91
1673893207817 33840.25 92
1673893207864 33197.25 93
1673893207910 33457.75 94
1673893207957 16716.75 95
1673893208004 33245.0 96
1673893208051 16768.75 97
1673893208098 33259.5 98
1673893208145 16599.5 99
1673893208192 16445.25 100
1673893208238 16529.0 101
1673893208285 33080.5 102
1673893208332 33347.75 103
1673893208379 33130.5 104
1673893208410 32842.5 105
1673893208457 32950.25 106
1673893208504 16264.5 107
1673893208551 32870.5 108
1673893208598 32840.25 109
1673893208645 32806.5 110
1673893208692 32700.0 111
1673893208732 16407.25 112
1673893208779 16288.0 113
1673893208841 16340.75 114
1673893208872 16127.0 115
1673893208919 32690.25 116
1673893208967 32299.0 117
1673893209014 16150.25 118
1673893209061 16415.75 119
1673893209108 16225.75 120
1673893209139 32365.5 121
1673893209186 32404.0 122
1673893209233 32276.0 123
1673893209280 32227.5 124
1673893209311 32014.5 125
1673893209358 32201.5 126
1673893209404 32200.0 127
1673893209451 16337.0 128
1673893209498 32011.25 129
1673893209545 16013.75 130
1673893209580 16102.25 131
1673893209627 31918.75 132
1673893209674 31987.25 133
1673893209721 30974.0 134
1673893209768 29389.5 135
1673893209821 29059.0 136
1673893209852 14540.5 137
1673893209914 29304.0 138
1673893209946 28929.0 139
1673893209993 14701.5 140
1673893210039 28888.0 141
1673893210090 14380.0 142
1673893210137 14357.5 143
1673893210184 29047.0 144
1673893210231 28835.5 145
1673893210262 14413.5 146
1673893210310 28400.5 147
1673893210357 28582.5 148
1673893210403 28300.5 149
