1673901499350 4870266.5 0
1673901506997 4141373.5 1
1673901514526 4825561.0 2
1673901521364 3516191.0 3
1673901528952 1660772.0 4
1673901536481 1706468.0 5
1673901543639 1708414.0 6
1673901550842 1746198.0 7
1673901557477 1728624.0 8
1673901564128 1793558.0 9
1673901570735 1732726.0 10
1673901577358 1826102.0 11
1673901583951 1852020.0 12
1673901590597 1058254.0 13
1673901598138 835944.0 14
1673901605681 823356.0 15
1673901613211 830784.0 16
1673901619816 856440.0 17
1673901626414 812760.0 18
1673901633933 880676.0 19
1673901640634 843076.0 20
1673901647224 867756.0 21
1673901653880 885064.0 22
1673901660526 883156.0 23
1673901667113 874732.0 24
1673901673805 883288.0 25
1673901680397 885172.0 26
1673901687015 870424.0 27
1673901693612 883896.0 28
1673901700212 902136.0 29
1673901706803 916056.0 30
1673901713434 961872.0 31
1673901720017 971296.0 32
1673901726624 942644.0 33
1673901733191 987568.0 34
1673901738896 931964.0 35
1673901744643 969808.0 36
1673901750355 966428.0 37
1673901756051 989936.0 38
1673901761783 951704.0 39
1673901767494 951760.0 40
1673901773231 945768.0 41
1673901778935 971624.0 42
1673901784675 933512.0 43
