1673923426695 4921968.0 0
1673923434188 4187063.0 1
1673923441716 4701703.0 2
1673923448223 3611634.0 3
1673923455713 1759872.0 4
1673923463208 1785662.0 5
1673923469741 1808444.0 6
1673923476240 1892212.0 7
1673923482728 1966496.0 8
1673923489233 1902770.0 9
1673923495720 1919736.0 10
1673923502206 1948446.0 11
1673923508747 1527978.0 12
1673923516249 945488.0 13
1673923523735 943872.0 14
1673923531215 927792.0 15
1673923538678 979232.0 16
1673923545197 976504.0 17
1673923551729 1004720.0 18
1673923558254 1048668.0 19
1673923564774 1013956.0 20
1673923571260 1029452.0 21
1673923577722 1088280.0 22
1673923584224 1059228.0 23
1673923590727 1035348.0 24
1673923597226 1023084.0 25
1673923603677 1060612.0 26
1673923610135 1077160.0 27
1673923616614 1028132.0 28
1673923623141 1044860.0 29
1673923629657 1067204.0 30
1673923636171 1059824.0 31
1673923642628 1035616.0 32
1673923649107 1043564.0 33
1673923655609 1002112.0 34
1673923662081 1035076.0 35
1673923668548 1033936.0 36
1673923675007 1038248.0 37
1673923681483 1055040.0 38
1673923687960 1020352.0 39
1673923694451 1018536.0 40
