1673896194016 41205.2265625 0
1673896194047 24151.8984375 1
1673896194063 21786.1484375 2
1673896194094 29533.3125 3
1673896194110 27396.5703125 4
1673896194125 18348.46875 5
1673896194157 25616.953125 6
1673896194172 17288.859375 7
1673896194203 16687.6875 8
1673896194219 16455.84375 9
1673896194250 23144.484375 10
1673896194266 23194.140625 11
1673896194297 22472.28125 12
1673896194313 15258.21875 13
1673896194328 14956.46875 14
1673896194360 21603.90625 15
1673896194375 21349.28125 16
1673896194391 21557.34375 17
1673896194422 20774.53125 18
1673896194438 20449.40625 19
1673896194453 20751.15625 20
1673896194485 13877.1875 21
1673896194500 13748.53125 22
1673896194531 13439.6875 23
1673896194547 19535.53125 24
1673896194578 13153.375 25
1673896194594 18988.25 26
1673896194625 18822.625 27
1673896194641 18944.1875 28
1673896194656 13023.8125 29
1673896194689 12565.875 30
1673896194704 12977.0625 31
1673896194720 12759.125 32
1673896194751 12555.375 33
1673896194767 18225.3125 34
1673896194796 18319.9375 35
1673896194812 12534.6875 36
1673896194844 18030.9375 37
1673896194860 12451.8125 38
1673896194891 17630.0 39
1673896194906 12122.375 40
1673896194939 17566.6875 41
1673896194954 17452.125 42
1673896194986 17466.25 43
1673896195001 12052.375 44
1673896195017 17392.5 45
1673896195048 11983.875 46
1673896195064 17257.125 47
1673896195079 17048.6875 48
1673896195110 11745.1875 49
1673896195126 17203.0 50
1673896195157 17141.5 51
1673896195173 11649.5 52
1673896195189 17043.9375 53
1673896195220 11636.25 54
1673896195235 11615.6875 55
1673896195267 11463.0625 56
1673896195282 11489.0625 57
1673896195298 16553.375 58
1673896195329 11531.8125 59
1673896195345 16515.875 60
1673896195360 16592.625 61
1673896195392 16275.25 62
1673896195407 16411.75 63
1673896195423 16326.125 64
1673896195454 11261.25 65
1673896195470 11260.5 66
1673896195501 16230.25 67
1673896195517 11164.25 68
1673896195532 16281.75 69
1673896195563 16077.75 70
1673896195579 16025.625 71
1673896195595 16113.625 72
1673896195626 10993.875 73
1673896195642 16010.125 74
1673896195657 16439.75 75
1673896195688 10811.0 76
1673896195704 11078.875 77
1673896195720 10873.375 78
1673896195751 15782.25 79
1673896195767 10825.25 80
1673896195782 10726.125 81
1673896195813 15581.75 82
1673896195829 15572.375 83
1673896195845 10945.375 84
1673896195860 15611.625 85
1673896195892 10917.625 86
1673896195907 10760.25 87
1673896195923 15687.875 88
1673896195954 10872.875 89
1673896195970 10766.125 90
1673896195985 15974.25 91
1673896196016 10806.0 92
1673896196032 10774.875 93
1673896196048 10714.0 94
1673896196079 15438.25 95
1673896196095 10734.75 96
1673896196110 10628.875 97
1673896196141 15308.875 98
1673896196157 15625.25 99
1673896196173 10766.75 100
1673896196204 10788.125 101
1673896196220 15362.125 102
1673896196235 15469.125 103
1673896196251 10497.75 104
1673896196282 15317.75 105
1673896196313 15045.875 106
1673896196329 15253.875 107
1673896196360 10515.75 108
1673896196376 10449.75 109
1673896196391 15315.5 110
1673896196423 15116.5 111
1673896196438 10261.125 112
1673896196454 10445.625 113
1673896196485 10472.375 114
1673896196501 15031.75 115
1673896196516 15026.5 116
1673896196548 10551.0 117
1673896196563 10240.875 118
1673896196579 10256.25 119
1673896196610 15144.875 120
1673896196626 10462.75 121
1673896196641 10296.875 122
1673896196657 10520.5 123
1673896196688 10187.125 124
1673896196704 14838.0 125
1673896196719 15057.0 126
1673896196751 10282.5 127
1673896196766 14694.625 128
1673896196782 10193.875 129
1673896196813 15030.875 130
1673896196829 15070.375 131
1673896196844 10080.875 132
1673896196876 10268.25 133
1673896196891 14835.75 134
1673896196907 14652.25 135
1673896196938 10140.875 136
1673896196954 10153.375 137
1673896196969 14555.375 138
1673896196985 14587.25 139
1673896197016 10278.875 140
1673896197032 14534.5 141
1673896197047 9867.25 142
1673896197079 14519.25 143
1673896197094 14259.75 144
1673896197110 14423.75 145
1673896197141 14425.0 146
1673896197157 14220.0 147
1673896197172 14328.5 148
1673896197204 9806.75 149
