1673893491332 51320.81640625 0
1673893491379 41858.94140625 1
1673893491426 74614.5234375 2
1673893491457 68739.671875 3
1673893491504 64980.265625 4
1673893491551 30426.46875 5
1673893491582 29178.3125 6
1673893491629 56820.09375 7
1673893491676 54803.8125 8
1673893491707 52998.84375 9
1673893491754 52193.75 10
1673893491785 24943.5 11
1673893491832 50021.625 12
1673893491863 24530.1875 13
1673893491910 48498.875 14
1673893491957 48422.1875 15
1673893491995 47800.6875 16
1673893492042 47298.9375 17
1673893492089 23554.375 18
1673893492120 23940.3125 19
1673893492167 46134.25 20
1673893492199 46314.125 21
1673893492246 46095.3125 22
1673893492277 45532.75 23
1673893492324 45252.875 24
1673893492359 22599.5 25
1673893492406 44771.625 26
1673893492438 44702.0 27
1673893492484 44773.625 28
1673893492516 22252.75 29
1673893492563 44212.75 30
1673893492610 22048.125 31
1673893492642 22097.5 32
1673893492688 43840.5 33
1673893492720 43980.0 34
1673893492767 21643.25 35
1673893492813 21689.0 36
1673893492845 22011.0 37
1673893492891 21999.5 38
1673893492923 21575.125 39
1673893492970 21497.125 40
1673893493016 21446.625 41
1673893493048 42961.25 42
1673893493095 42744.0 43
1673893493126 21613.125 44
1673893493173 21376.125 45
1673893493220 21233.0 46
1673893493266 42311.375 47
1673893493298 42224.625 48
1673893493344 21281.0 49
1673893493376 21152.0 50
1673893493423 20955.875 51
1673893493469 42282.375 52
1673893493501 21285.375 53
1673893493548 21010.875 54
1673893493579 21075.75 55
1673893493626 41852.75 56
1673893493657 41409.75 57
1673893493704 20817.75 58
1673893493744 20667.75 59
1673893493791 20141.5 60
1673893493822 20501.0 61
1673893493869 20389.75 62
1673893493901 20864.25 63
1673893493948 40501.75 64
1673893493980 20343.5 65
1673893494011 20427.0 66
1673893494058 20124.25 67
1673893494105 20361.5 68
1673893494136 40311.0 69
1673893494183 40357.75 70
1673893494214 20217.75 71
1673893494261 20314.0 72
1673893494292 39996.75 73
1673893494323 20173.25 74
1673893494370 20279.5 75
1673893494417 19931.25 76
1673893494448 19959.25 77
1673893494484 20122.0 78
1673893494530 39845.0 79
1673893494562 19878.25 80
1673893494609 19807.0 81
1673893494655 39804.75 82
1673893494688 19911.5 83
1673893494734 20183.0 84
1673893494766 39686.75 85
1673893494813 39518.5 86
1673893494844 19985.5 87
1673893494891 19770.0 88
1673893494922 19892.0 89
1673893494969 19917.75 90
1673893495000 19943.0 91
1673893495047 19932.5 92
1673893495088 39875.75 93
1673893495119 39857.25 94
1673893495150 19790.5 95
1673893495197 19710.75 96
1673893495244 39453.25 97
1673893495275 19501.25 98
1673893495323 19651.75 99
1673893495354 19544.5 100
1673893495401 19402.0 101
1673893495433 19523.75 102
1673893495479 19801.25 103
1673893495511 39341.5 104
1673893495558 39185.75 105
1673893495589 39141.75 106
1673893495636 38978.5 107
1673893495667 38992.5 108
1673893495698 19569.75 109
1673893495745 38740.75 110
1673893495776 19696.5 111
1673893495823 19235.0 112
1673893495870 19293.25 113
1673893495901 38554.5 114
1673893495932 38896.75 115
1673893495979 38745.0 116
1673893496011 38742.0 117
1673893496057 19456.75 118
1673893496089 19098.25 119
1673893496136 19326.0 120
1673893496167 38579.75 121
1673893496198 19139.75 122
1673893496245 19359.25 123
1673893496276 19330.25 124
1673893496323 19181.75 125
1673893496354 19340.25 126
1673893496385 19348.0 127
1673893496432 19200.25 128
1673893496457 19299.5 129
1673893496504 19257.75 130
1673893496535 18878.75 131
1673893496582 19413.75 132
1673893496629 19163.0 133
1673893496661 19091.25 134
1673893496692 19191.25 135
1673893496739 19169.75 136
1673893496770 19074.0 137
1673893496817 37679.75 138
1673893496848 17781.75 139
1673893496887 17497.5 140
1673893496934 17769.5 141
1673893496980 17444.0 142
1673893497027 34826.0 143
1673893497058 34824.5 144
1673893497091 17328.0 145
1673893497138 34603.5 146
1673893497184 34856.5 147
1673893497216 17473.0 148
1673893497263 17325.5 149
