1673964767045 9259264.0 0
1673964782896 8245838.0 1
1673964799709 3926088.0 2
1673964816856 3810458.0 3
1673964832577 3859370.0 4
1673964846805 3922792.0 5
1673964861187 2552690.0 6
1673964876844 2359508.0 7
1673964892364 2350524.0 8
1673964907886 2437088.0 9
1673964923578 2566680.0 10
1673964938944 2603488.0 11
1673964952928 2724808.0 12
1673964966933 2628748.0 13
1673964981003 2586400.0 14
1673964994956 2627024.0 15
1673965008956 2589076.0 16
1673965022952 2614968.0 17
1673965037581 2620544.0 18
1673965053635 863916.0 19
1673965069157 60496.0 20
1673965084639 62032.0 21
1673965098631 60416.0 22
1673965114146 60344.0 23
1673965129546 62256.0 24
1673965143535 60680.0 25
1673965158314 63552.0 26
1673965174246 61768.0 27
1673965188197 62000.0 28
1673965202259 62776.0 29
1673965216065 61840.0 30
1673965230068 62608.0 31
1673965244061 64232.0 32
1673965258185 64728.0 33
1673965272649 63536.0 34
1673965300137 62864.0 35
1673965327371 63520.0 36
1673965352630 64432.0 37
1673965378124 63184.0 38
1673965403362 62584.0 39
1673965430248 60736.0 40
1673965456872 60192.0 41
1673965484233 61608.0 42
1673965511433 59448.0 43
1673965541075 61576.0 44
1673965567681 60264.0 45
1673965594193 58896.0 46
1673965623030 58184.0 47
1673965651505 59744.0 48
1673965679452 57680.0 49
1673965709044 57584.0 50
1673965737585 55120.0 51
1673965766214 54640.0 52
1673965795144 37768.0 53
1673965822478 35368.0 54
1673965850736 35264.0 55
1673965881181 32840.0 56
1673965910118 33960.0 57
1673965936413 33392.0 58
1673965961580 31872.0 59
1673965988482 33928.0 60
1673966014739 31488.0 61
1673966044816 30456.0 62
1673966074413 31744.0 63
1673966100625 31848.0 64
1673966125910 31648.0 65
1673966152359 31384.0 66
1673966177460 31904.0 67
1673966203900 29840.0 68
1673966232378 28800.0 69
1673966263053 30616.0 70
1673966289093 29784.0 71
1673966313949 28816.0 72
1673966339033 27896.0 73
1673966366401 27056.0 74
1673966393455 26312.0 75
1673966422226 27072.0 76
1673966450892 26336.0 77
1673966476139 25576.0 78
1673966504929 24872.0 79
1673966532001 26256.0 80
1673966557034 24872.0 81
1673966585632 25440.0 82
1673966613566 26560.0 83
1673966639890 25552.0 84
1673966666363 26152.0 85
1673966693052 25296.0 86
1673966719246 24136.0 87
1673966747856 23984.0 88
1673966775364 24336.0 89
1673966803865 24832.0 90
1673966830257 23616.0 91
1673966859042 24384.0 92
1673966883988 23664.0 93
1673966909641 24144.0 94
1673966935237 24136.0 95
1673966960537 23608.0 96
1673966990912 23296.0 97
1673967019543 23024.0 98
1673967047861 23312.0 99
1673967074152 21816.0 100
1673967102668 22928.0 101
1673967127365 22408.0 102
1673967154585 22552.0 103
1673967181513 22312.0 104
1673967207827 21928.0 105
1673967234128 21320.0 106
1673967261210 22624.0 107
1673967287497 20776.0 108
1673967315730 21088.0 109
1673967343930 21216.0 110
1673967370611 19912.0 111
1673967397055 20576.0 112
1673967422963 20912.0 113
1673967447671 19384.0 114
1673967475703 19408.0 115
1673967502238 19072.0 116
1673967531116 19544.0 117
1673967557703 18464.0 118
1673967586010 17728.0 119
1673967613939 17136.0 120
1673967640715 16664.0 121
1673967667882 16168.0 122
1673967696384 14848.0 123
1673967725636 16600.0 124
1673967750250 16512.0 125
1673967775191 15952.0 126
1673967801182 15760.0 127
1673967826825 14888.0 128
1673967851641 14176.0 129
1673967882383 13816.0 130
1673967910771 14568.0 131
1673967936689 13512.0 132
1673967965094 13504.0 133
1673967993647 13768.0 134
1673968019985 13272.0 135
1673968047299 12448.0 136
1673968077406 12784.0 137
1673968102409 11488.0 138
1673968129292 12272.0 139
1673968155258 11872.0 140
1673968179602 12472.0 141
1673968204680 10880.0 142
1673968235100 10120.0 143
1673968264206 9792.0 144
1673968292096 9344.0 145
1673968320206 9040.0 146
1673968348529 8704.0 147
1673968376346 8680.0 148
1673968404919 7568.0 149
