1674105761371 6450543.5 0
1674105775699 5171234.5 1
1674105789990 3636623.0 2
1674105804269 2096655.0 3
1674105818457 1780460.0 4
1674105832597 1766712.0 5
1674105846656 1733432.0 6
1674105860647 1727068.0 7
1674105874620 1708494.0 8
1674105888560 1689246.0 9
1674105902812 1657530.0 10
1674105916724 1645594.0 11
1674105930635 1634646.0 12
1674105944479 1315706.0 13
1674105958352 969168.0 14
1674105972177 956644.0 15
1674105986038 933252.0 16
1674105999831 928336.0 17
1674106013640 912796.0 18
1674106027418 893876.0 19
1674106041207 884272.0 20
1674106054956 872528.0 21
1674106068689 861836.0 22
1674106082413 851972.0 23
1674106096199 853996.0 24
1674106109029 836812.0 25
1674106122783 832924.0 26
1674106136456 826892.0 27
1674106150133 822740.0 28
1674106163928 813832.0 29
1674106177581 810608.0 30
1674106191215 809000.0 31
1674106204893 802092.0 32
1674106218585 793988.0 33
1674106232216 788300.0 34
1674106246084 785272.0 35
1674106259693 784516.0 36
1674106273462 768436.0 37
1674106287082 773100.0 38
1674106299772 766116.0 39
1674106313380 764388.0 40
1674106326936 761744.0 41
1674106340592 759000.0 42
1674106354178 750760.0 43
1674106367729 744148.0 44
1674106381296 742664.0 45
1674106394843 745908.0 46
1674106407496 744424.0 47
1674106420162 733424.0 48
1674106433624 735396.0 49
1674106446318 731300.0 50
1674106459853 729364.0 51
1674106473390 723020.0 52
1674106486888 721176.0 53
1674106500446 723572.0 54
1674106513082 125984.0 55
1674106526656 77288.0 56
1674106540480 78824.0 57
1674106553021 77504.0 58
1674106565559 77688.0 59
1674106578049 76696.0 60
1674106591387 78856.0 61
1674106603882 76496.0 62
1674106617359 76696.0 63
1674106629873 74144.0 64
1674106643301 76568.0 65
1674106655822 74560.0 66
1674106668273 73624.0 67
1674106681688 75056.0 68
1674106694187 71464.0 69
1674106707627 74536.0 70
1674106720172 73920.0 71
1674106732627 70568.0 72
1674106746024 72584.0 73
1674106758453 73616.0 74
1674106770885 70088.0 75
1674106784219 71952.0 76
1674106796750 72968.0 77
1674106809620 72328.0 78
1674106822026 68720.0 79
1674106835317 69872.0 80
1674106847754 70576.0 81
1674106860203 68208.0 82
1674106873507 70048.0 83
1674106885998 68808.0 84
1674106898403 65800.0 85
1674106911771 65360.0 86
1674106925272 67328.0 87
1674106937696 66736.0 88
1674106950081 64144.0 89
1674106963354 66248.0 90
1674106975743 64912.0 91
1674106988163 65176.0 92
1674107000556 65656.0 93
1674107012928 62568.0 94
1674107026243 64304.0 95
1674107038690 62776.0 96
1674107051155 63736.0 97
1674107063612 61904.0 98
1674107076866 64192.0 99
1674107089282 63144.0 100
1674107101692 59984.0 101
1674107114951 60872.0 102
1674107127319 59520.0 103
1674107140573 61616.0 104
1674107152956 60456.0 105
1674107165374 59504.0 106
1674107178594 58624.0 107
1674107191820 57784.0 108
1674107205072 57896.0 109
1674107217456 57688.0 110
1674107230701 58112.0 111
1674107243154 57360.0 112
1674107256487 56816.0 113
1674107269742 57288.0 114
1674107282151 56848.0 115
1674107294477 55048.0 116
1674107307723 54864.0 117
1674107321427 54600.0 118
1674107334691 54344.0 119
1674107347995 53784.0 120
1674107361247 53464.0 121
1674107374519 53712.0 122
1674107386844 52864.0 123
1674107400101 50584.0 124
1674107413369 51952.0 125
1674107425785 50944.0 126
1674107438418 49592.0 127
1674107451674 51048.0 128
1674107464044 50936.0 129
1674107476410 50880.0 130
1674107488730 47176.0 131
1674107501913 46312.0 132
1674107515166 48688.0 133
1674107527548 44848.0 134
1674107540833 46872.0 135
1674107553173 48328.0 136
1674107565494 44120.0 137
1674107578782 48616.0 138
1674107591181 44528.0 139
1674107603599 43264.0 140
1674107616866 43552.0 141
1674107629321 42152.0 142
1674107642625 42792.0 143
1674107655007 41088.0 144
1674107668269 41712.0 145
1674107680624 41608.0 146
1674107692965 39552.0 147
1674107706194 40048.0 148
1674107718567 42272.0 149
