1673937801239 6718229.5 0
1673937819652 5899763.5 1
1673937838210 4791625.0 2
1673937855517 2715034.0 3
1673937873854 2837282.0 4
1673937890192 2755824.0 5
1673937905020 2816312.0 6
1673937921834 2757500.0 7
1673937938282 2661230.0 8
1673937956589 1909040.0 9
1673937974940 1863428.0 10
1673937993032 1936200.0 11
1673938008815 1892116.0 12
1673938024703 1837724.0 13
1673938043484 1868192.0 14
1673938061015 1891244.0 15
1673938077432 1949852.0 16
1673938093535 1881500.0 17
1673938109579 1872032.0 18
1673938125864 1933008.0 19
1673938142034 1953076.0 20
1673938158618 1896020.0 21
1673938175807 1941180.0 22
1673938192681 1859348.0 23
1673938208801 1849932.0 24
1673938224733 1849488.0 25
1673938240596 978620.0 26
1673938258502 13296.0 27
1673938276964 14984.0 28
1673938294269 15504.0 29
1673938310572 15240.0 30
1673938326460 15472.0 31
1673938338540 14296.0 32
1673938347269 14760.0 33
1673938356052 14656.0 34
1673938364854 14184.0 35
1673938373596 13816.0 36
1673938382356 15224.0 37
1673938391123 14816.0 38
1673938401166 14832.0 39
1673938411152 14808.0 40
1673938419864 15008.0 41
1673938428649 14848.0 42
1673938437391 14704.0 43
1673938446177 15080.0 44
1673938454958 14768.0 45
1673938463720 14432.0 46
1673938472600 14720.0 47
1673938481632 15160.0 48
1673938490396 14984.0 49
1673938499217 15432.0 50
1673938508002 14784.0 51
1673938517376 14760.0 52
