1673896222092 92436.78125 0
1673896222138 58314.5625 1
1673896222170 50666.234375 2
1673896222217 45770.8125 3
1673896222249 43116.296875 4
1673896222296 39684.53125 5
1673896222327 37876.03125 6
1673896222374 36134.3125 7
1673896222405 34493.3125 8
1673896222452 33223.71875 9
1673896222483 32458.125 10
1673896222514 32098.21875 11
1673896222546 21361.5 12
1673896222592 30111.9375 13
1673896222624 29711.5 14
1673896222655 20004.125 15
1673896222686 28645.0625 16
1673896222717 28737.1875 17
1673896222749 27985.5 18
1673896222795 28077.5 19
1673896222827 27341.5 20
1673896222858 27034.1875 21
1673896222888 27011.9375 22
1673896222936 26704.5 23
1673896222967 26598.9375 24
1673896223015 26317.75 25
1673896223046 26093.5 26
1673896223071 17955.1875 27
1673896223118 26210.875 28
1673896223149 25810.75 29
1673896223182 17741.1875 30
1673896223213 17429.8125 31
1673896223244 24688.75 32
1673896223291 24453.875 33
1673896223322 24595.125 34
1673896223353 16872.0 35
1673896223385 24326.875 36
1673896223416 24180.875 37
1673896223447 24181.125 38
1673896223478 24160.125 39
1673896223525 23648.125 40
1673896223556 23481.625 41
1673896223588 16291.0 42
1673896223619 23540.25 43
1673896223650 23206.5 44
1673896223697 23527.375 45
1673896223728 16028.5 46
1673896223760 22857.0 47
1673896223791 16006.0 48
1673896223822 23589.375 49
1673896223853 23355.0 50
1673896223884 23213.5 51
1673896223931 22829.75 52
1673896223963 22731.875 53
1673896223987 22921.5 54
1673896224019 22872.75 55
1673896224065 22758.25 56
1673896224098 22913.875 57
1673896224129 22768.625 58
1673896224160 22289.375 59
1673896224191 22865.125 60
1673896224223 15536.125 61
1673896224254 22443.125 62
1673896224285 22369.875 63
1673896224316 22509.25 64
1673896224348 22465.25 65
1673896224379 15541.375 66
1673896224410 15292.625 67
1673896224441 15405.25 68
1673896224473 22189.875 69
1673896224504 15236.625 70
1673896224551 22147.875 71
1673896224582 22007.125 72
1673896224613 21883.625 73
1673896224644 22089.5 74
1673896224676 21648.25 75
1673896224707 21675.25 76
1673896224738 21714.5 77
1673896224785 21812.25 78
1673896224816 21918.375 79
1673896224848 21598.875 80
1673896224879 21498.25 81
1673896224910 21293.75 82
1673896224941 14763.75 83
1673896224973 14844.0 84
1673896225004 14689.5 85
1673896225051 14611.75 86
1673896225082 21216.5 87
1673896225113 14479.0 88
1673896225144 14616.75 89
1673896225176 21245.5 90
1673896225207 21182.75 91
1673896225238 21287.5 92
1673896225269 21138.75 93
1673896225316 21144.5 94
1673896225347 21199.5 95
1673896225379 14530.25 96
1673896225410 21098.0 97
1673896225441 14304.75 98
1673896225472 21166.0 99
1673896225504 20997.75 100
1673896225535 14467.25 101
1673896225566 21051.75 102
1673896225597 20912.75 103
1673896225644 20739.5 104
1673896225675 14319.5 105
1673896225707 20669.75 106
1673896225738 20862.5 107
1673896225769 20694.5 108
1673896225816 20717.25 109
1673896225847 20546.0 110
1673896225879 20701.25 111
1673896225910 14220.75 112
1673896225956 20789.75 113
1673896225989 20462.0 114
1673896226020 20463.25 115
1673896226051 20364.25 116
1673896226083 20405.5 117
1673896226115 20574.0 118
1673896226162 20301.5 119
1673896226193 20422.5 120
1673896226224 20104.25 121
1673896226255 14034.5 122
1673896226286 14102.75 123
1673896226318 13955.75 124
1673896226349 20621.25 125
1673896226396 20374.75 126
1673896226427 14050.5 127
1673896226458 20207.75 128
1673896226490 20128.0 129
1673896226521 20274.75 130
1673896226552 13826.5 131
1673896226583 20258.5 132
1673896226630 20161.25 133
1673896226661 19927.75 134
1673896226693 20052.5 135
1673896226724 13818.75 136
1673896226755 20075.0 137
1673896226786 20149.75 138
1673896226818 19910.25 139
1673896226849 13842.0 140
1673896226880 20135.0 141
1673896226911 19899.5 142
1673896226958 13829.25 143
1673896226989 20012.5 144
1673896227021 19815.5 145
1673896227052 13711.5 146
1673896227083 19786.25 147
1673896227114 19556.75 148
1673896227161 19819.75 149
