1673892967906 77812.109375 0
1673892967953 65538.234375 1
1673892968000 29799.6875 2
1673892968032 57104.109375 3
1673892968074 27535.0 4
1673892968121 53773.890625 5
1673892968168 26141.21875 6
1673892968199 51401.21875 7
1673892968246 25319.59375 8
1673892968293 24601.1875 9
1673892968339 48907.59375 10
1673892968386 23782.53125 11
1673892968433 47863.0 12
1673892968464 47460.5 13
1673892968511 23409.125 14
1673892968543 46766.875 15
1673892968574 46102.4375 16
1673892968621 45939.0 17
1673892968652 45692.25 18
1673892968684 45659.5 19
1673892968715 45999.4375 20
1673892968747 23006.6875 21
1673892968778 22896.3125 22
1673892968825 22694.6875 23
1673892968872 45194.5 24
1673892968903 45421.8125 25
1673892968934 44646.25 26
1673892968966 44697.125 27
1673892968997 44837.375 28
1673892969028 45075.625 29
1673892969059 44755.375 30
1673892969106 44444.0 31
1673892969140 22483.875 32
1673892969175 44341.875 33
1673892969212 22291.75 34
1673892969243 43879.25 35
1673892969274 43998.0 36
1673892969321 22347.375 37
1673892969353 44517.5 38
1673892969384 44289.625 39
1673892969416 44205.375 40
1673892969463 22107.75 41
1673892969494 44081.625 42
1673892969525 43953.875 43
1673892969572 22118.25 44
1673892969603 43866.875 45
1673892969635 21966.5 46
1673892969682 43598.0 47
1673892969713 43438.625 48
1673892969744 43950.75 49
1673892969775 21843.875 50
1673892969822 21692.125 51
1673892969869 21921.875 52
1673892969900 43627.0 53
1673892969931 43433.75 54
1673892969963 43230.0 55
1673892970010 43043.5 56
1673892970041 22016.25 57
1673892970072 43168.75 58
1673892970103 21610.0 59
1673892970150 42540.0 60
1673892970181 42660.25 61
1673892970228 42867.75 62
1673892970259 21726.25 63
1673892970291 21491.5 64
1673892970338 43262.0 65
1673892970369 42996.25 66
1673892970400 43080.25 67
1673892970447 21555.25 68
1673892970478 42583.75 69
1673892970509 43161.5 70
1673892970541 42652.25 71
1673892970588 43213.75 72
1673892970619 42618.0 73
1673892970650 21545.0 74
1673892970681 42894.0 75
1673892970712 21323.0 76
1673892970759 42700.75 77
1673892970791 42720.5 78
1673892970837 21738.25 79
1673892970869 42453.0 80
1673892970900 42656.25 81
1673892970931 42514.0 82
1673892970978 42400.5 83
1673892971009 42699.25 84
1673892971041 42345.0 85
1673892971072 42381.25 86
1673892971103 21229.0 87
1673892971150 42472.75 88
1673892971181 42604.5 89
1673892971212 42306.0 90
1673892971244 42634.25 91
1673892971275 42469.5 92
1673892971322 42486.0 93
1673892971353 21680.5 94
1673892971384 42206.25 95
1673892971415 42150.25 96
1673892971447 42721.0 97
1673892971494 21377.25 98
1673892971525 42358.25 99
1673892971556 42040.25 100
1673892971587 42033.75 101
1673892971613 42212.5 102
1673892971660 42294.5 103
1673892971691 21525.75 104
1673892971723 42274.5 105
1673892971770 42297.5 106
1673892971807 41969.0 107
1673892971854 21055.5 108
1673892971884 40365.5 109
1673892971931 39328.5 110
1673892971962 39482.5 111
1673892971993 39047.0 112
1673892972040 19707.5 113
1673892972088 19624.5 114
1673892972135 39468.0 115
1673892972166 39150.0 116
1673892972208 19680.5 117
1673892972255 19846.5 118
1673892972286 39048.5 119
1673892972333 39308.0 120
1673892972364 19838.5 121
1673892972412 39373.5 122
1673892972443 39359.0 123
1673892972490 39473.0 124
1673892972521 39377.5 125
1673892972568 39388.0 126
1673892972600 38902.0 127
1673892972631 39462.5 128
1673892972662 39343.0 129
1673892972709 19893.0 130
1673892972740 38995.0 131
1673892972776 39589.0 132
1673892972807 39245.5 133
1673892972854 19241.0 134
1673892972885 39167.5 135
1673892972932 39088.5 136
1673892972964 39172.5 137
1673892972995 38843.5 138
1673892973026 38935.5 139
1673892973058 39142.0 140
1673892973104 39281.5 141
1673892973136 39026.0 142
1673892973167 38904.5 143
1673892973214 19622.0 144
1673892973245 38737.0 145
1673892973276 19483.5 146
1673892973308 38798.5 147
1673892973354 39003.0 148
1673892973386 38897.0 149
