1673896170948 58420.7890625 0
1673896170980 41845.1875 1
1673896171011 37112.9765625 2
1673896171027 23718.96875 3
1673896171058 22509.109375 4
1673896171089 21316.21875 5
1673896171120 29101.390625 6
1673896171136 19415.5625 7
1673896171167 18563.390625 8
1673896171198 18149.28125 9
1673896171230 25406.3125 10
1673896171261 25631.78125 11
1673896171277 16951.15625 12
1673896171308 23805.40625 13
1673896171339 23739.96875 14
1673896171370 16121.0625 15
1673896171386 15761.53125 16
1673896171417 22687.71875 17
1673896171448 15285.65625 18
1673896171480 22484.0625 19
1673896171495 21830.6875 20
1673896171526 14742.34375 21
1673896171558 14724.3125 22
1673896171589 21425.625 23
1673896171605 14166.8125 24
1673896171638 14208.75 25
1673896171669 20169.5625 26
1673896171685 20026.8125 27
1673896171716 19800.3125 28
1673896171748 19588.25 29
1673896171779 20126.4375 30
1673896171811 19572.875 31
1673896171826 19176.0625 32
1673896171857 19534.1875 33
1673896171873 19117.1875 34
1673896171904 18932.875 35
1673896171936 12823.125 36
1673896171952 18711.3125 37
1673896171983 13003.9375 38
1673896171999 18332.0 39
1673896172030 18294.4375 40
1673896172046 12613.3125 41
1673896172077 12565.5625 42
1673896172108 18226.5625 43
1673896172140 18510.25 44
1673896172155 18037.6875 45
1673896172186 12578.8125 46
1673896172202 17780.1875 47
1673896172233 17585.75 48
1673896172265 12207.8125 49
1673896172280 17631.6875 50
1673896172311 12213.9375 51
1673896172327 12063.125 52
1673896172358 17473.625 53
1673896172389 17155.625 54
1673896172421 17865.125 55
1673896172436 17627.0 56
1673896172468 11748.0 57
1673896172514 17330.75 58
1673896172546 17240.625 59
1673896172561 11736.375 60
1673896172593 17117.625 61
1673896172609 11657.125 62
1673896172640 11618.75 63
1673896172672 11642.625 64
1673896172693 16707.625 65
1673896172709 11712.375 66
1673896172740 11423.0 67
1673896172772 16804.75 68
1673896172787 16736.875 69
1673896172818 16431.5 70
1673896172850 11573.0 71
1673896172865 11348.125 72
1673896172896 11276.625 73
1673896172928 16210.5 74
1673896172943 16358.875 75
1673896172975 16299.25 76
1673896172990 11156.625 77
1673896173021 16016.0 78
1673896173053 11210.875 79
1673896173068 11054.25 80
1673896173100 16093.0 81
1673896173115 16108.75 82
1673896173146 15978.5 83
1673896173178 15794.375 84
1673896173193 16084.375 85
1673896173225 15806.625 86
1673896173240 10948.25 87
1673896173271 10858.375 88
1673896173307 15697.25 89
1673896173322 15808.625 90
1673896173354 15455.375 91
1673896173385 15492.5 92
1673896173401 15705.0 93
1673896173433 15523.375 94
1673896173448 10887.125 95
1673896173479 10791.75 96
1673896173495 15566.375 97
1673896173526 15540.625 98
1673896173542 10787.375 99
1673896173573 15376.125 100
1673896173604 10727.875 101
1673896173620 10661.0 102
1673896173651 15486.375 103
1673896173682 10576.375 104
1673896173698 15281.375 105
1673896173729 10725.375 106
1673896173761 15506.75 107
1673896173776 15280.75 108
1673896173807 15223.75 109
1673896173823 15329.875 110
1673896173854 10487.75 111
1673896173870 10552.75 112
1673896173901 15186.625 113
1673896173917 10534.75 114
1673896173948 15071.625 115
1673896173979 15447.5 116
1673896173995 15174.125 117
1673896174026 15109.0 118
1673896174042 15180.5 119
1673896174073 10362.25 120
1673896174104 10245.5 121
1673896174120 10257.0 122
1673896174151 10458.5 123
1673896174167 10322.75 124
1673896174198 10270.125 125
1673896174214 10330.75 126
1673896174245 15137.25 127
1673896174260 14603.375 128
1673896174292 14370.0 129
1673896174323 14461.5 130
1673896174339 14558.25 131
1673896174370 14585.0 132
1673896174385 10128.0 133
1673896174417 9978.0 134
1673896174448 14378.0 135
1673896174479 14545.5 136
1673896174495 14336.75 137
1673896174526 14386.25 138
1673896174539 9818.5 139
1673896174570 9788.0 140
1673896174602 9981.25 141
1673896174617 14320.25 142
1673896174649 14370.25 143
1673896174665 14356.25 144
1673896174696 9903.25 145
1673896174712 14099.75 146
1673896174743 9858.5 147
1673896174759 9850.25 148
1673896174790 14067.75 149
