1674086076950 6201350.0 0
1674086108163 4795772.0 1
1674086140755 3170620.0 2
1674086172626 2153527.0 3
1674086206578 1874485.0 4
1674086238653 1784030.0 5
1674086270365 1782274.0 6
1674086302213 1744490.0 7
1674086333943 1715176.0 8
1674086365482 1708214.0 9
1674086396727 1655820.0 10
1674086429262 1623726.0 11
1674086461411 1680190.0 12
1674086490987 1652606.0 13
1674086519453 1278008.0 14
1674086551080 1217320.0 15
1674086582359 1189620.0 16
1674086614871 1200096.0 17
1674086645297 1136800.0 18
1674086676433 1077428.0 19
1674086707378 1050476.0 20
1674086738929 1030720.0 21
1674086770272 1018096.0 22
1674086803320 1020988.0 23
1674086832655 991300.0 24
1674086863889 936776.0 25
1674086890306 922632.0 26
1674086907925 902352.0 27
1674086924844 861648.0 28
1674086941479 864672.0 29
1674086957058 848552.0 30
1674086973652 825648.0 31
1674086990249 796556.0 32
1674087006866 799872.0 33
1674087023507 781244.0 34
1674087040979 767852.0 35
1674087057644 767752.0 36
1674087074162 763324.0 37
1674087090815 746516.0 38
1674087107362 745200.0 39
1674087124046 727912.0 40
1674087140927 721356.0 41
1674087157240 729008.0 42
1674087172019 711856.0 43
1674087187809 690844.0 44
1674087205591 686112.0 45
1674087222064 698892.0 46
1674087236812 691044.0 47
1674087251496 679900.0 48
1674087267163 662472.0 49
1674087285701 679652.0 50
1674087301284 665732.0 51
1674087316181 667044.0 52
1674087331049 93312.0 53
1674087347413 85192.0 54
1674087363846 83432.0 55
1674087381459 80504.0 56
1674087399307 83568.0 57
1674087414192 82552.0 58
1674087429130 81016.0 59
1674087444034 80024.0 60
1674087460400 81664.0 61
1674087475311 82216.0 62
1674087490172 82720.0 63
1674087504917 81568.0 64
1674087519984 80768.0 65
1674087534948 82528.0 66
1674087549775 78152.0 67
1674087566254 75152.0 68
1674087582559 79096.0 69
1674087597448 75784.0 70
1674087612289 76096.0 71
1674087629509 77648.0 72
1674087644610 72296.0 73
1674087660926 74720.0 74
1674087675734 73240.0 75
1674087690524 72608.0 76
1674087705430 73984.0 77
1674087720164 74504.0 78
1674087734826 70608.0 79
1674087751227 71344.0 80
1674087766070 72864.0 81
1674087780897 71032.0 82
1674087796226 69960.0 83
1674087814093 69280.0 84
1674087830302 67488.0 85
1674087846642 67672.0 86
1674087861423 68872.0 87
1674087876152 66056.0 88
1674087892369 65480.0 89
1674087908979 68136.0 90
1674087923653 66336.0 91
1674087938409 66272.0 92
1674087953217 64096.0 93
1674087969396 62312.0 94
1674087987625 63064.0 95
1674088003089 63176.0 96
1674088017846 63272.0 97
1674088032598 61384.0 98
1674088048875 61456.0 99
1674088063432 61024.0 100
1674088079534 60880.0 101
1674088095801 60352.0 102
1674088112071 59000.0 103
1674088128320 57408.0 104
1674088144601 56272.0 105
1674088160786 57712.0 106
1674088175436 57344.0 107
1674088190157 55872.0 108
1674088206877 56624.0 109
1674088223201 53904.0 110
1674088240376 54648.0 111
1674088255140 53256.0 112
1674088271336 54344.0 113
1674088285953 52584.0 114
1674088302195 52528.0 115
1674088318421 51408.0 116
1674088334760 52960.0 117
1674088349333 51016.0 118
1674088365555 49960.0 119
1674088381814 49152.0 120
1674088398744 49296.0 121
1674088415281 47952.0 122
1674088431535 46648.0 123
1674088447742 47744.0 124
1674088462348 46576.0 125
1674088478552 45704.0 126
1674088494759 44960.0 127
1674088511011 44344.0 128
1674088528006 43248.0 129
1674088544060 42600.0 130
1674088559447 42024.0 131
1674088574989 41880.0 132
1674088592791 40224.0 133
1674088608194 39344.0 134
1674088623498 37752.0 135
1674088638872 37672.0 136
1674088654176 37280.0 137
1674088672182 36672.0 138
1674088688759 35520.0 139
1674088704888 33768.0 140
1674088720924 33560.0 141
1674088736196 32872.0 142
1674088751527 32072.0 143
1674088766860 33032.0 144
1674088781179 30360.0 145
1674088796556 29664.0 146
1674088812018 29424.0 147
1674088830271 28176.0 148
1674088848977 28208.0 149
