1673924096308 4509903.0 0
1673924104008 3672712.5 1
1673924111699 4342389.5 2
1673924119001 4263499.0 3
1673924126411 1482420.0 4
1673924134118 1495026.0 5
1673924140694 1498820.0 6
1673924147232 1533226.0 7
1673924153740 1620424.0 8
1673924160213 1670358.0 9
1673924166729 1694212.0 10
1673924173197 1668370.0 11
1673924179671 1764194.0 12
1673924186181 1747050.0 13
1673924192659 1187728.0 14
1673924200420 834788.0 15
1673924208106 822524.0 16
1673924215795 856580.0 17
1673924222330 830728.0 18
1673924228880 846460.0 19
1673924235695 876128.0 20
1673924243128 865268.0 21
1673924250032 854900.0 22
1673924256616 847764.0 23
1673924263051 864500.0 24
1673924269527 845548.0 25
1673924275961 843004.0 26
1673924282412 842892.0 27
1673924288857 854452.0 28
1673924295321 865968.0 29
1673924301802 887456.0 30
1673924308293 906220.0 31
1673924314727 929360.0 32
1673924321180 943660.0 33
1673924327680 928708.0 34
1673924334121 936164.0 35
1673924340576 977520.0 36
1673924347042 944736.0 37
1673924353537 961236.0 38
1673924360883 934580.0 39
1673924368008 938440.0 40
1673924374549 921080.0 41
