1674772828989 66982.4296875 0
1674772829045 56733.3359375 1
1674772829104 75846.875 2
1674772829151 71154.640625 3
1674772829201 67318.84375 4
1674772829252 43711.96875 5
1674772829306 41888.21875 6
1674772829361 41435.59375 7
1674772829421 39923.53125 8
1674772829487 38831.75 9
1674772829546 57511.75 10
1674772829593 56417.625 11
1674772829641 55982.375 12
1674772829692 36867.875 13
1674772829749 54763.5625 14
1674772829801 53838.0625 15
1674772829850 35534.0625 16
1674772829911 35413.25 17
1674772829968 34425.625 18
1674772830026 52103.9375 19
1674772830075 34157.1875 20
1674772830137 34294.5 21
1674772830183 50686.125 22
1674772830230 33665.375 23
1674772830285 33168.25 24
1674772830348 33698.0 25
1674772830398 33143.875 26
1674772830459 49624.75 27
1674772830506 32840.5 28
1674772830565 32548.75 29
1674772830621 48638.25 30
1674772830670 32466.875 31
1674772830728 32531.25 32
1674772830777 32257.375 33
1674772830834 32345.75 34
1674772830881 32049.0 35
1674772830937 47466.75 36
1674772830986 31569.5 37
1674772831041 47334.625 38
1674772831089 31908.5 39
1674772831135 32030.375 40
1674772831181 47574.625 41
1674772831231 47229.625 42
1674772831278 31550.625 43
1674772831333 46932.875 44
1674772831380 46737.125 45
1674772831428 46639.375 46
1674772831476 31281.25 47
1674772831534 46068.125 48
1674772831581 30221.25 49
1674772831636 30261.5 50
1674772831684 45578.75 51
1674772831733 30129.75 52
1674772831788 29869.0 53
1674772831846 44990.5 54
1674772831895 29882.75 55
1674772831941 29775.0 56
1674772832000 29731.5 57
1674772832054 44931.25 58
1674772832101 44365.5 59
1674772832148 29984.25 60
1674772832196 44290.25 61
1674772832244 44406.0 62
1674772832291 44340.0 63
1674772832338 29536.25 64
1674772832395 29487.25 65
1674772832450 29291.5 66
1674772832510 29873.25 67
1674772832558 43910.75 68
1674772832606 29489.5 69
1674772832653 29228.25 70
1674772832708 29349.5 71
1674772832758 43812.75 72
1674772832804 43438.75 73
1674772832852 29145.75 74
1674772832907 29157.5 75
1674772832954 28550.25 76
1674772833011 28969.75 77
1674772833057 29069.0 78
1674772833105 43412.25 79
1674772833151 28749.5 80
1674772833198 28646.75 81
1674772833247 28637.25 82
1674772833295 28917.5 83
1674772833341 28770.0 84
1674772833388 28990.5 85
1674772833436 29044.75 86
1674772833483 28721.25 87
1674772833531 28852.5 88
1674772833577 28599.25 89
1674772833624 42691.25 90
1674772833671 28743.0 91
1674772833720 42455.75 92
1674772833766 42589.75 93
1674772833813 42441.75 94
1674772833859 28020.0 95
1674772833915 28283.5 96
1674772833962 28080.75 97
1674772834009 42210.25 98
1674772834055 28030.25 99
1674772834099 28243.0 100
1674772834146 41714.25 101
1674772834193 41792.25 102
1674772834243 27843.75 103
1674772834298 41932.75 104
1674772834345 28192.5 105
1674772834390 28071.75 106
1674772834440 41768.0 107
1674772834486 28218.75 108
1674772834531 28001.25 109
1674772834577 27257.75 110
1674772834636 26946.5 111
1674772834691 40126.5 112
1674772834737 40442.5 113
1674772834784 26980.0 114
1674772834830 40052.5 115
1674772834881 39959.5 116
1674772834928 39820.0 117
1674772834975 26834.5 118
1674772835031 40152.0 119
1674772835078 39932.0 120
1674772835127 39838.5 121
1674772835175 26686.5 122
1674772835230 26886.0 123
1674772835276 26805.5 124
1674772835322 26361.5 125
1674772835380 27039.0 126
1674772835428 26758.0 127
1674772835476 26595.0 128
1674772835523 26723.0 129
1674772835568 26670.0 130
1674772835618 26698.5 131
1674772835664 39507.5 132
1674772835712 39627.5 133
1674772835758 26628.0 134
1674772835803 26359.0 135
1674772835872 26501.5 136
1674772835922 26568.0 137
1674772835969 26511.5 138
1674772836014 39518.0 139
1674772836060 26242.0 140
1674772836119 26139.0 141
1674772836177 26197.0 142
1674772836224 39346.5 143
1674772836268 26356.5 144
1674772836314 39173.5 145
1674772836363 26484.5 146
1674772836410 26273.5 147
1674772836461 39188.0 148
1674772836508 26115.0 149
