1673896071050 58037.5625 0
1673896071081 47799.5390625 1
1673896071112 44589.0078125 2
1673896071144 29451.171875 3
1673896071175 41919.296875 4
1673896071191 28115.421875 5
1673896071222 27547.15625 6
1673896071253 39983.71875 7
1673896071269 26747.0625 8
1673896071300 38541.21875 9
1673896071331 38160.46875 10
1673896071347 37880.25 11
1673896071378 25933.53125 12
1673896071409 37671.96875 13
1673896071425 25523.5 14
1673896071456 25361.375 15
1673896071487 36740.75 16
1673896071519 36466.3125 17
1673896071534 36274.0625 18
1673896071565 36184.9375 19
1673896071581 36068.875 20
1673896071612 24775.4375 21
1673896071644 35902.6875 22
1673896071659 35610.375 23
1673896071690 35676.375 24
1673896071726 35693.625 25
1673896071747 35349.0 26
1673896071779 24395.0 27
1673896071810 35167.625 28
1673896071841 35324.4375 29
1673896071857 35049.75 30
1673896071888 35166.125 31
1673896071920 35074.125 32
1673896071951 34856.0 33
1673896071967 35000.5 34
1673896071998 34799.0 35
1673896072030 34564.375 36
1673896072045 23618.125 37
1673896072079 34609.625 38
1673896072095 23707.5 39
1673896072126 34350.75 40
1673896072158 23531.25 41
1673896072189 34679.625 42
1673896072204 34091.375 43
1673896072236 23571.75 44
1673896072251 34132.625 45
1673896072283 34039.125 46
1673896072315 34138.25 47
1673896072330 34068.5 48
1673896072362 23495.75 49
1673896072393 34088.625 50
1673896072418 34028.875 51
1673896072443 34043.875 52
1673896072474 33985.0 53
1673896072505 23531.5 54
1673896072537 34010.875 55
1673896072569 33765.625 56
1673896072584 33714.625 57
1673896072615 33679.0 58
1673896072647 33654.75 59
1673896072662 23169.375 60
1673896072693 33493.75 61
1673896072709 33637.25 62
1673896072740 33284.5 63
1673896072772 22998.25 64
1673896072787 33375.0 65
1673896072818 22997.25 66
1673896072850 23100.5 67
1673896072865 33326.5 68
1673896072897 33248.5 69
1673896072912 33415.0 70
1673896072943 22900.5 71
1673896072975 22723.0 72
1673896072990 33109.5 73
1673896073022 33044.25 74
1673896073053 22739.5 75
1673896073068 33036.0 76
1673896073100 32897.5 77
1673896073131 33099.5 78
1673896073146 33096.0 79
1673896073178 22758.5 80
1673896073209 32838.75 81
1673896073225 33001.0 82
1673896073256 22670.25 83
1673896073287 22601.25 84
1673896073303 32855.25 85
1673896073334 22816.5 86
1673896073350 32848.75 87
1673896073381 22602.5 88
1673896073412 32743.5 89
1673896073428 32632.75 90
1673896073459 22528.0 91
1673896073490 32739.0 92
1673896073506 22530.5 93
1673896073537 32749.5 94
1673896073553 32774.0 95
1673896073584 22410.25 96
1673896073600 22472.5 97
1673896073631 22563.75 98
1673896073662 32480.5 99
1673896073678 32430.5 100
1673896073709 32640.25 101
1673896073740 32556.0 102
1673896073756 22289.75 103
1673896073787 22343.25 104
1673896073803 32467.0 105
1673896073834 32303.5 106
1673896073849 32262.25 107
1673896073881 22202.25 108
1673896073919 32166.0 109
1673896073943 32285.75 110
1673896073975 32303.0 111
1673896074006 32291.0 112
1673896074037 22249.0 113
1673896074053 32007.0 114
1673896074084 32167.0 115
1673896074115 32379.0 116
1673896074131 21982.75 117
1673896074162 32097.75 118
1673896074193 22030.5 119
1673896074209 31910.25 120
1673896074240 31799.5 121
1673896074256 32108.5 122
1673896074287 22243.25 123
1673896074318 31946.25 124
1673896074334 31774.75 125
1673896074365 31865.75 126
1673896074396 31987.25 127
1673896074412 31882.0 128
1673896074443 21999.75 129
1673896074459 31887.5 130
1673896074495 31544.5 131
1673896074510 21810.75 132
1673896074542 21934.0 133
1673896074557 31741.0 134
1673896074590 29686.75 135
1673896074621 29147.0 136
1673896074636 20131.5 137
1673896074668 29264.5 138
1673896074683 20068.5 139
1673896074714 29341.5 140
1673896074746 20194.5 141
1673896074777 29161.5 142
1673896074793 29124.5 143
1673896074825 20126.0 144
1673896074850 29202.0 145
1673896074877 29257.0 146
1673896074893 29354.5 147
1673896074940 29429.0 148
1673896074955 29191.0 149
