1674023756637 4323740.0 0
1674023764856 3115702.0 1
1674023773098 3511178.0 2
1674023780907 3442785.0 3
1674023788454 2738001.0 4
1674023796577 1427944.0 5
1674023805542 1518366.0 6
1674023812579 1622604.0 7
1674023819440 1639862.0 8
1674023826518 1646832.0 9
1674023833383 1661538.0 10
1674023840211 1675076.0 11
1674023847005 1606436.0 12
1674023853853 1630200.0 13
1674023860683 1598250.0 14
1674023867481 834382.0 15
1674023875794 578180.0 16
1674023884018 582800.0 17
1674023890846 566532.0 18
1674023899023 562044.0 19
1674023907243 573464.0 20
1674023914172 540328.0 21
1674023922044 564756.0 22
1674023928952 533904.0 23
1674023937082 548116.0 24
1674023943936 532568.0 25
1674023952145 524956.0 26
1674023960384 527712.0 27
1674023967275 530048.0 28
1674023974023 518240.0 29
1674023982055 527740.0 30
1674023989059 525600.0 31
1674023996087 497032.0 32
1674024004072 500196.0 33
1674024010969 501084.0 34
1674024018597 506644.0 35
1674024026133 493032.0 36
1674024034167 484124.0 37
1674024042283 493548.0 38
1674024049074 497956.0 39
1674024055720 493208.0 40
1674024062625 499836.0 41
1674024069332 485076.0 42
1674024076016 489220.0 43
1674024082708 508424.0 44
1674024089324 491364.0 45
1674024095927 480092.0 46
1674024104050 480808.0 47
1674024110840 482980.0 48
1674024117481 495416.0 49
1674024124165 488232.0 50
1674024130812 487076.0 51
1674024137488 484448.0 52
1674024144182 465480.0 53
1674024152178 462136.0 54
1674024160305 477896.0 55
1674024167110 475428.0 56
1674024173689 475096.0 57
1674024180351 467180.0 58
1674024186905 468836.0 59
1674024193674 473192.0 60
1674024201069 474088.0 61
1674024208403 452364.0 62
1674024216614 450880.0 63
1674024224643 456496.0 64
1674024231388 469836.0 65
1674024237962 438404.0 66
1674024245722 464408.0 67
1674024252680 459192.0 68
1674024259420 439352.0 69
1674024265991 468944.0 70
1674024272664 444580.0 71
1674024279174 451352.0 72
1674024285836 452704.0 73
1674024292411 452504.0 74
1674024299035 446940.0 75
1674024305668 446956.0 76
1674024312185 429860.0 77
1674024320226 448332.0 78
1674024327029 442364.0 79
1674024333686 434400.0 80
1674024340276 456508.0 81
1674024346823 444444.0 82
1674024353344 357904.0 83
1674024361391 45464.0 84
1674024369467 44640.0 85
1674024378146 43432.0 86
1674024386770 45232.0 87
1674024393774 44960.0 88
1674024400343 43904.0 89
1674024406962 44936.0 90
1674024413576 44288.0 91
1674024420357 44840.0 92
1674024426961 44008.0 93
1674024433471 43960.0 94
1674024439942 45144.0 95
1674024446428 42824.0 96
1674024454420 46400.0 97
1674024461095 43920.0 98
1674024467782 44192.0 99
1674024474413 41424.0 100
1674024482812 43984.0 101
1674024489666 44536.0 102
1674024496182 42744.0 103
1674024502876 43728.0 104
1674024509426 45072.0 105
1674024515986 45440.0 106
1674024522531 42080.0 107
1674024529007 44928.0 108
1674024535484 45112.0 109
1674024541974 42248.0 110
1674024548609 45320.0 111
1674024555196 43832.0 112
1674024561774 44144.0 113
1674024568288 44160.0 114
1674024574787 44088.0 115
1674024581304 41920.0 116
1674024587752 44384.0 117
1674024594299 43648.0 118
1674024600884 43584.0 119
1674024607391 44992.0 120
1674024613938 42984.0 121
1674024621445 43768.0 122
1674024628569 43872.0 123
1674024635133 45200.0 124
1674024641721 44000.0 125
