1674012004493 4617341.0 0
1674012012484 3447206.0 1
1674012020484 4117361.0 2
1674012027354 4001702.0 3
1674012034233 1789898.0 4
1674012042236 1376394.0 5
1674012050231 1380444.0 6
1674012057156 1397816.0 7
1674012064045 1407404.0 8
1674012070943 1417868.0 9
1674012077739 1461846.0 10
1674012084592 1475580.0 11
1674012091410 1493386.0 12
1674012098231 1517838.0 13
1674012105084 1521342.0 14
1674012112231 1285534.0 15
1674012120167 625292.0 16
1674012128133 597904.0 17
1674012136079 609628.0 18
1674012142965 638808.0 19
1674012149776 610776.0 20
1674012156580 607084.0 21
1674012163374 637068.0 22
1674012170122 618468.0 23
1674012176938 629540.0 24
1674012183755 636900.0 25
1674012190529 648096.0 26
1674012197325 671256.0 27
1674012204116 642576.0 28
1674012211011 656400.0 29
1674012217750 685648.0 30
1674012224519 682632.0 31
1674012231286 692804.0 32
1674012238037 696628.0 33
1674012244765 686576.0 34
1674012251502 668572.0 35
1674012258271 671860.0 36
1674012265179 661528.0 37
1674012272025 673644.0 38
1674012278763 695148.0 39
1674012285522 711452.0 40
1674012292246 666332.0 41
1674012299014 702500.0 42
