1673896048459 29112.921875 0
1673896048479 26069.53125 1
1673896048509 24408.59375 2
1673896048533 22471.1640625 3
1673896048565 31408.2734375 4
1673896048589 30453.25 5
1673896048605 29586.171875 6
1673896048629 28728.125 7
1673896048643 27939.9375 8
1673896048664 19194.3125 9
1673896048692 26852.15625 10
1673896048716 18421.96875 11
1673896048732 18089.34375 12
1673896048748 17996.71875 13
1673896048779 26178.4375 14
1673896048795 25891.15625 15
1673896048811 25881.53125 16
1673896048847 25563.1875 17
1673896048863 25515.96875 18
1673896048892 25149.3125 19
1673896048909 17337.75 20
1673896048943 17376.1875 21
1673896048958 17347.1875 22
1673896048988 17053.4375 23
1673896049009 24983.875 24
1673896049039 17120.4375 25
1673896049061 17241.1875 26
1673896049092 24712.75 27
1673896049109 17174.5 28
1673896049138 24481.625 29
1673896049161 16567.125 30
1673896049185 24416.0 31
1673896049206 17023.0625 32
1673896049222 16858.875 33
1673896049247 16557.9375 34
1673896049271 24343.1875 35
1673896049288 16755.8125 36
1673896049312 24350.875 37
1673896049328 16787.5 38
1673896049344 16559.625 39
1673896049368 16432.6875 40
1673896049392 24069.0625 41
1673896049416 16554.9375 42
1673896049432 16659.0 43
1673896049456 16533.8125 44
1673896049472 24191.75 45
1673896049495 16570.125 46
1673896049513 16634.8125 47
1673896049537 23914.9375 48
1673896049545 24189.125 49
1673896049576 16408.875 50
1673896049592 16593.875 51
1673896049607 16471.875 52
1673896049639 16410.625 53
1673896049654 23853.25 54
1673896049670 16376.125 55
1673896049701 16174.625 56
1673896049722 16272.5 57
1673896049746 23494.0 58
1673896049757 23597.75 59
1673896049792 16357.375 60
1673896049809 23746.75 61
1673896049838 16352.875 62
1673896049859 16231.875 63
1673896049875 23564.75 64
1673896049905 23549.125 65
1673896049929 16266.625 66
1673896049955 23603.25 67
1673896049975 16268.0 68
1673896049992 16199.5 69
1673896050022 16414.375 70
1673896050046 23390.75 71
1673896050055 16131.375 72
1673896050088 23399.5 73
1673896050114 23477.5 74
1673896050130 23427.25 75
1673896050154 23686.375 76
1673896050169 23358.875 77
1673896050194 23336.75 78
1673896050210 16241.125 79
1673896050234 16097.0 80
1673896050250 15824.875 81
1673896050282 23102.625 82
1673896050298 23381.5 83
1673896050322 16215.375 84
1673896050346 16053.625 85
1673896050362 16194.625 86
1673896050386 15999.375 87
1673896050402 23449.625 88
1673896050426 23851.125 89
1673896050450 15968.5 90
1673896050466 23224.125 91
1673896050490 16266.0 92
1673896050506 16127.375 93
1673896050530 23281.25 94
1673896050546 23103.75 95
1673896050570 23499.625 96
1673896050594 15814.375 97
1673896050618 16267.5 98
1673896050637 23367.75 99
1673896050653 16264.375 100
1673896050684 23361.625 101
1673896050700 23131.0 102
1673896050715 15972.25 103
1673896050746 23001.5 104
1673896050762 23127.75 105
1673896050778 22853.75 106
1673896050794 23026.25 107
1673896050825 15904.0 108
1673896050841 15795.75 109
1673896050856 16028.25 110
1673896050892 23087.0 111
1673896050908 22982.75 112
1673896050924 15878.5 113
1673896050941 23081.5 114
1673896050971 15985.25 115
1673896050987 22780.0 116
1673896051011 16001.75 117
1673896051027 15726.5 118
1673896051058 15831.0 119
1673896051079 23000.0 120
1673896051101 15931.75 121
1673896051127 15944.5 122
1673896051159 16045.25 123
1673896051183 15688.0 124
1673896051199 15745.75 125
1673896051215 15987.5 126
1673896051246 15734.0 127
1673896051261 15879.75 128
1673896051277 15635.0 129
1673896051308 15834.0 130
1673896051324 22836.25 131
1673896051340 15573.5 132
1673896051371 22743.5 133
1673896051386 15948.5 134
1673896051402 22663.0 135
1673896051418 15721.0 136
1673896051449 22854.25 137
1673896051465 22578.5 138
1673896051480 22776.5 139
1673896051511 22779.5 140
1673896051527 15900.25 141
1673896051543 22909.0 142
1673896051574 15849.25 143
1673896051590 15707.25 144
1673896051605 15993.75 145
1673896051636 22762.0 146
1673896051652 22706.75 147
1673896051668 22783.25 148
1673896051699 15598.0 149
