1675102069337 119670.9296875 0
1675102069441 87347.1328125 1
1675102069542 36295.78125 2
1675102069648 33482.1875 3
1675102069762 64601.34375 4
1675102069860 61435.0625 5
1675102069968 58733.125 6
1675102070060 28428.46875 7
1675102070178 54890.71875 8
1675102070278 52927.375 9
1675102070368 52126.8125 10
1675102070477 25099.6875 11
1675102070592 49869.9375 12
1675102070685 49246.875 13
1675102070785 48442.25 14
1675102070880 48326.625 15
1675102070972 23623.125 16
1675102071081 46965.9375 17
1675102071182 23582.375 18
1675102071291 46659.875 19
1675102071389 23313.625 20
1675102071495 23261.75 21
1675102071616 22699.5 22
1675102071729 22948.75 23
1675102071828 45247.5 24
1675102071920 22777.5 25
1675102072016 44787.375 26
1675102072116 44957.125 27
1675102072217 22356.625 28
1675102072325 22332.125 29
1675102072439 44681.375 30
1675102072536 44154.25 31
1675102072635 22321.25 32
1675102072742 21938.0 33
1675102072858 22123.0 34
1675102072958 22084.25 35
1675102073058 21793.0 36
1675102073170 22038.125 37
1675102073276 21895.375 38
1675102073371 21504.25 39
1675102073485 21707.625 40
1675102073576 42840.125 41
1675102073679 43152.125 42
1675102073771 42831.5 43
1675102073863 21643.75 44
1675102073951 43178.125 45
1675102074035 42919.5 46
1675102074119 21311.625 47
1675102074236 42635.0 48
1675102074326 42633.625 49
1675102074425 42301.625 50
1675102074518 42411.25 51
1675102074607 21265.0 52
1675102074717 42288.75 53
1675102074805 20717.25 54
1675102074905 20344.0 55
1675102074995 20470.25 56
1675102075098 20831.25 57
1675102075195 40874.25 58
1675102075282 20378.5 59
1675102075379 20121.25 60
1675102075482 20707.25 61
1675102075572 40587.75 62
1675102075661 20942.25 63
1675102075753 40535.75 64
1675102075866 20242.75 65
1675102076032 40585.5 66
1675102076127 40208.75 67
1675102076201 20270.75 68
1675102076307 40459.25 69
1675102076391 40637.5 70
1675102076477 40339.0 71
1675102076570 20353.75 72
1675102076660 40224.0 73
1675102076738 20116.25 74
1675102076842 20301.0 75
1675102076932 20060.0 76
1675102077041 39858.0 77
1675102077135 20089.0 78
1675102077224 39731.5 79
1675102077311 20018.5 80
1675102077413 39886.75 81
1675102077486 39934.5 82
1675102077583 39543.25 83
1675102077679 40004.75 84
1675102077759 39896.0 85
1675102077853 39726.5 86
1675102077939 19715.0 87
1675102078034 19797.25 88
1675102078131 20257.5 89
1675102078224 39619.25 90
1675102078307 39415.5 91
1675102078402 19908.25 92
1675102078486 19507.5 93
1675102078553 39645.0 94
1675102078633 39533.75 95
1675102078736 39216.75 96
1675102078832 19957.75 97
1675102078915 39345.0 98
1675102079004 19599.5 99
1675102079088 38908.5 100
1675102079180 38942.5 101
1675102079258 19467.0 102
1675102079369 19577.5 103
1675102079442 39199.75 104
1675102079535 38981.75 105
1675102079643 19451.25 106
1675102079738 38795.75 107
1675102079824 38812.25 108
1675102079926 19556.0 109
1675102080016 19470.0 110
1675102080120 38872.5 111
1675102080215 38472.75 112
1675102080301 19388.75 113
1675102080398 19333.5 114
1675102080497 19486.75 115
1675102080589 38558.25 116
1675102080679 38525.75 117
1675102080751 19338.5 118
1675102080851 19329.5 119
1675102080951 19380.5 120
1675102081037 19315.0 121
1675102081135 38172.75 122
1675102081230 19137.25 123
1675102081329 38480.25 124
1675102081412 18414.25 125
1675102081518 17712.5 126
1675102081616 35278.0 127
1675102081724 17739.0 128
1675102081801 35143.5 129
1675102081894 35368.5 130
1675102081988 35179.5 131
1675102082073 17806.5 132
1675102082170 35333.5 133
1675102082257 17470.0 134
1675102082359 35252.5 135
1675102082447 17485.5 136
1675102082531 35129.0 137
1675102082628 34724.5 138
1675102082709 17366.5 139
1675102082815 34898.5 140
1675102082904 17487.5 141
1675102082996 17747.0 142
1675102083087 17495.0 143
1675102083178 35006.5 144
1675102083263 17571.5 145
1675102083353 34604.0 146
1675102083436 17346.0 147
1675102083551 34943.5 148
1675102083643 17508.5 149
