1673912510027 5086396.0 0
1673912522906 4216969.0 1
1673912535427 4865464.0 2
1673912546384 3337451.0 3
1673912559225 1667478.0 4
1673912571590 1766992.0 5
1673912582745 1768388.0 6
1673912594128 1722880.0 7
1673912606000 1804408.0 8
1673912618298 1854292.0 9
1673912629532 1742510.0 10
1673912640647 1806974.0 11
1673912651569 1914722.0 12
1673912662603 829156.0 13
1673912675201 857900.0 14
1673912686170 889052.0 15
1673912697287 871712.0 16
1673912708233 868888.0 17
1673912719823 842460.0 18
1673912732317 842288.0 19
1673912743582 837776.0 20
1673912754765 901948.0 21
1673912765947 859712.0 22
1673912777126 882844.0 23
1673912788091 897392.0 24
1673912798885 899828.0 25
1673912809789 889944.0 26
1673912820783 875652.0 27
1673912831767 920932.0 28
1673912843570 921276.0 29
1673912855655 948260.0 30
1673912867201 966880.0 31
1673912877982 958216.0 32
1673912888680 958820.0 33
1673912899505 964140.0 34
1673912910463 991780.0 35
1673912921197 983964.0 36
1673912932045 969956.0 37
1673912943095 967904.0 38
