1673904095313 6420642.0 0
1673904103739 5783153.0 1
1673904112254 5178119.0 2
1673904134467 2646554.0 3
1673904142835 2638124.0 4
1673904150969 2665224.0 5
1673904157765 2670250.0 6
1673904165204 2651814.0 7
1673904172624 2689216.0 8
1673904180028 1328088.0 9
1673904188356 1208328.0 10
1673904196734 1196136.0 11
1673904205140 1168412.0 12
1673904213491 1168560.0 13
1673904220880 1163512.0 14
1673904229192 1165480.0 15
1673904236581 1155544.0 16
1673904244868 1160940.0 17
1673904252257 1162192.0 18
1673904259646 1155932.0 19
1673904267045 1163244.0 20
1673904274382 1149416.0 21
1673904282682 1144660.0 22
1673904290983 1177308.0 23
1673904298340 1185000.0 24
1673904305736 1204372.0 25
1673904313068 1211428.0 26
1673904320423 1226140.0 27
1673904327797 1208604.0 28
1673904335139 1220636.0 29
1673904342496 1222128.0 30
1673904349841 1241344.0 31
1673904357214 1228624.0 32
1673904364586 1221108.0 33
1673904371970 1226612.0 34
1673904379328 1224564.0 35
1673904386680 1216340.0 36
1673904394038 275180.0 37
1673904402375 17144.0 38
1673904410698 18040.0 39
1673904418061 17672.0 40
1673904425418 18008.0 41
1673904432779 18720.0 42
1673904440152 18736.0 43
1673904447479 18472.0 44
1673904454821 18432.0 45
1673904462147 19088.0 46
1673904469486 19512.0 47
1673904476828 19304.0 48
1673904484200 18784.0 49
1673904491542 19320.0 50
1673904498884 18744.0 51
1673904506333 19088.0 52
1673904513655 19424.0 53
1673904520981 19248.0 54
1673904528308 20088.0 55
1673904535714 19864.0 56
1673904543055 18632.0 57
1673904550379 19264.0 58
1673904557715 19264.0 59
1673904565057 19120.0 60
1673904572368 19384.0 61
1673904579663 10496.0 62
1673904587929 7968.0 63
1673904596175 7640.0 64
1673904604453 8096.0 65
1673904611779 8048.0 66
1673904619102 7968.0 67
1673904626413 7800.0 68
1673904633729 8376.0 69
1673904641040 8160.0 70
1673904648367 7960.0 71
1673904655679 8080.0 72
1673904663017 8192.0 73
1673904670331 8392.0 74
1673904677750 8656.0 75
1673904685301 8296.0 76
1673904693510 8008.0 77
1673904701339 7656.0 78
1673904708664 8488.0 79
1673904716012 8056.0 80
1673904723332 7992.0 81
1673904730643 8232.0 82
1673904737975 8320.0 83
1673904745322 7984.0 84
1673904752649 8144.0 85
1673904759974 8120.0 86
1673904767296 8472.0 87
1673904774622 8120.0 88
1673904781927 7928.0 89
