1673896133700 85830.515625 0
1673896133731 66081.71875 1
1673896133778 60201.984375 2
1673896133809 55762.59375 3
1673896133840 53141.8125 4
1673896133887 50815.15625 5
1673896133918 49742.875 6
1673896133950 49064.875 7
1673896133996 48276.78125 8
1673896134028 47251.625 9
1673896134059 47145.125 10
1673896134090 46854.9375 11
1673896134137 46717.3125 12
1673896134168 46614.375 13
1673896134200 46205.125 14
1673896134246 45965.3125 15
1673896134278 46157.6875 16
1673896134309 45982.625 17
1673896134340 45650.125 18
1673896134387 45891.1875 19
1673896134418 45804.375 20
1673896134456 46283.25 21
1673896134490 46122.5 22
1673896134521 45756.5 23
1673896134553 45695.875 24
1673896134585 31360.625 25
1673896134616 45447.75 26
1673896134666 45609.625 27
1673896134728 45070.5 28
1673896134760 45439.125 29
1673896134792 44980.375 30
1673896134823 45222.625 31
1673896134854 45039.5 32
1673896134885 44927.75 33
1673896134917 45047.125 34
1673896134953 44466.125 35
1673896134985 44733.375 36
1673896135016 44598.875 37
1673896135064 44576.25 38
1673896135095 44756.625 39
1673896135126 44670.0 40
1673896135157 44559.75 41
1673896135189 44562.125 42
1673896135220 44464.125 43
1673896135251 40844.25 44
1673896135282 40693.25 45
1673896135314 40823.75 46
1673896135345 40746.5 47
1673896135376 40922.25 48
1673896135423 40780.25 49
1673896135454 40742.75 50
