1673972487342 9242660.0 0
1673972519342 8010844.0 1
1673972550327 3743680.0 2
1673972583494 3886528.0 3
1673972612471 4012348.0 4
1673972641002 3871660.0 5
1673972669761 3043140.0 6
1673972699310 2883312.0 7
1673972729984 2775048.0 8
1673972762296 2876684.0 9
1673972790619 2790352.0 10
1673972819189 2830032.0 11
1673972847472 2754704.0 12
1673972877391 2780956.0 13
1673972905380 2760104.0 14
1673972933506 2701180.0 15
1673972965682 2748740.0 16
1673972993837 2749416.0 17
1673973021449 668580.0 18
1673973051315 26792.0 19
1673973080732 27488.0 20
1673973111544 25568.0 21
1673973140966 25520.0 22
1673973170708 26408.0 23
1673973198143 26496.0 24
1673973226529 25416.0 25
1673973256144 23560.0 26
1673973287543 23776.0 27
1673973315791 24184.0 28
1673973343417 24328.0 29
1673973370947 22416.0 30
1673973400435 24408.0 31
1673973427951 23648.0 32
1673973446581 23016.0 33
1673973462030 23240.0 34
1673973476813 23504.0 35
1673973491624 23232.0 36
1673973506593 24264.0 37
1673973521529 23584.0 38
1673973536308 23696.0 39
1673973551090 22600.0 40
1673973565856 22232.0 41
1673973581646 21768.0 42
1673973597497 22416.0 43
1673973612350 21800.0 44
1673973627166 22632.0 45
1673973641895 21808.0 46
1673973656653 23456.0 47
1673973671296 23112.0 48
1673973686014 22632.0 49
1673973700725 22536.0 50
1673973715407 22800.0 51
1673973730139 22640.0 52
1673973744852 22064.0 53
1673973759537 22504.0 54
1673973774195 22584.0 55
1673973788919 23200.0 56
1673973803747 22816.0 57
1673973818492 22512.0 58
1673973833193 22024.0 59
1673973847857 22456.0 60
1673973862517 22072.0 61
1673973877203 21984.0 62
1673973891857 22120.0 63
1673973906565 22432.0 64
1673973921232 22272.0 65
1673973935869 22760.0 66
1673973950560 20872.0 67
1673973966191 21880.0 68
1673973981020 22328.0 69
1673973995773 22280.0 70
1673974010389 21584.0 71
1673974025054 21912.0 72
1673974039767 21616.0 73
1673974054374 21184.0 74
1673974068992 21968.0 75
1673974083642 21784.0 76
1673974098305 21664.0 77
1673974112986 22200.0 78
1673974127595 21944.0 79
1673974142231 21768.0 80
1673974156856 20824.0 81
1673974172506 20760.0 82
1673974188142 21048.0 83
1673974202792 20656.0 84
1673974218375 21360.0 85
1673974233023 20664.0 86
1673974247613 20432.0 87
1673974263257 19856.0 88
1673974278941 20376.0 89
1673974293634 20816.0 90
1673974308540 19968.0 91
1673974323569 20216.0 92
1673974338404 20240.0 93
1673974352999 20744.0 94
1673974367576 19576.0 95
1673974383170 20160.0 96
1673974397769 19872.0 97
1673974412511 20352.0 98
1673974427294 19712.0 99
1673974441854 19416.0 100
1673974457483 19464.0 101
1673974472049 19664.0 102
1673974486606 19136.0 103
1673974502373 19720.0 104
1673974516977 19392.0 105
1673974531500 19000.0 106
1673974547028 18704.0 107
1673974562519 19408.0 108
1673974577184 18304.0 109
1673974592733 18688.0 110
1673974607401 18016.0 111
1673974622991 18496.0 112
1673974637638 17584.0 113
1673974653120 18520.0 114
1673974667700 17872.0 115
1673974682271 18416.0 116
1673974696812 17064.0 117
1673974712308 16768.0 118
1673974728021 16408.0 119
1673974743547 17496.0 120
1673974758127 17360.0 121
1673974772627 16968.0 122
1673974787117 16176.0 123
1673974802599 15800.0 124
1673974818068 16032.0 125
1673974832560 16200.0 126
1673974847083 15888.0 127
1673974861523 15320.0 128
1673974877012 15528.0 129
1673974891573 15368.0 130
1673974906061 15504.0 131
1673974920527 14248.0 132
1673974936004 15456.0 133
1673974950501 14712.0 134
1673974964954 14848.0 135
1673974979378 13624.0 136
1673974995135 12952.0 137
1673975010508 13496.0 138
1673975025023 13104.0 139
1673975039678 12352.0 140
1673975055063 12336.0 141
1673975070512 11864.0 142
1673975085960 11104.0 143
1673975101532 10760.0 144
1673975117015 10720.0 145
1673975132446 9416.0 146
1673975147810 9368.0 147
1673975163179 8496.0 148
1673975178564 7896.0 149
