1673982798873 9191964.0 0
1673982839543 7960010.0 1
1673982879424 3990116.0 2
1673982916657 3859856.0 3
1673982953639 3761954.0 4
1673982991920 3767580.0 5
1673983029027 2800040.0 6
1673983066691 2593080.0 7
1673983104565 2574552.0 8
1673983140632 2525108.0 9
1673983179750 2643964.0 10
1673983214596 2551228.0 11
1673983247825 2594588.0 12
1673983280783 2546620.0 13
1673983314956 2658948.0 14
1673983350585 2625144.0 15
1673983387851 2593616.0 16
1673983423386 2544760.0 17
1673983457936 2498624.0 18
1673983496778 837904.0 19
1673983532440 16280.0 20
1673983567984 16344.0 21
1673983604826 15264.0 22
1673983641298 15984.0 23
1673983675538 16128.0 24
1673983711593 15496.0 25
1673983745973 16192.0 26
1673983781150 15952.0 27
1673983817645 14808.0 28
1673983860309 14856.0 29
1673983894986 14808.0 30
1673983933786 14376.0 31
1673983970421 13088.0 32
1673984010052 13528.0 33
1673984045268 13168.0 34
1673984079190 14008.0 35
1673984112973 13888.0 36
1673984148285 13448.0 37
1673984183390 13312.0 38
1673984220864 13704.0 39
1673984254108 12952.0 40
1673984289659 13576.0 41
1673984323461 13064.0 42
1673984355869 12208.0 43
1673984392351 13560.0 44
1673984427820 13392.0 45
1673984465084 13072.0 46
1673984498834 13360.0 47
1673984541340 11768.0 48
1673984579254 12608.0 49
1673984619225 12672.0 50
1673984653196 12368.0 51
1673984686867 12648.0 52
1673984720721 12008.0 53
1673984754592 11960.0 54
1673984792622 12016.0 55
1673984832161 11336.0 56
1673984870247 11880.0 57
1673984903813 12216.0 58
1673984937780 11952.0 59
1673984977529 11472.0 60
1673985029301 11344.0 61
1673985076076 11256.0 62
1673985126899 11280.0 63
1673985163024 11104.0 64
1673985200077 10832.0 65
1673985237302 10912.0 66
1673985272630 10880.0 67
1673985306859 10056.0 68
1673985343082 10336.0 69
1673985375557 9648.0 70
1673985412546 10112.0 71
1673985446914 10552.0 72
1673985481030 9760.0 73
1673985520552 10328.0 74
1673985568420 10104.0 75
1673985615048 10672.0 76
1673985666692 9792.0 77
1673985715285 10040.0 78
1673985763592 9920.0 79
1673985796674 10296.0 80
1673985833588 9400.0 81
1673985869388 9632.0 82
1673985902058 9432.0 83
1673985934081 9656.0 84
1673985967605 9400.0 85
1673986001582 8832.0 86
1673986030312 9696.0 87
1673986057536 9328.0 88
1673986084711 9184.0 89
1673986110630 9024.0 90
1673986137420 8552.0 91
1673986166884 8920.0 92
1673986192522 8672.0 93
1673986218973 8400.0 94
1673986249934 8296.0 95
1673986278179 9136.0 96
1673986304480 8616.0 97
1673986331462 8232.0 98
1673986359744 7992.0 99
1673986389802 8184.0 100
1673986418951 7856.0 101
1673986447665 7560.0 102
1673986475479 7664.0 103
1673986501695 7984.0 104
1673986528950 7928.0 105
1673986555910 7536.0 106
1673986584233 7424.0 107
1673986613566 7496.0 108
1673986639277 7424.0 109
1673986667466 6992.0 110
1673986697904 7176.0 111
1673986726798 6664.0 112
1673986743700 7184.0 113
1673986758805 6808.0 114
1673986773898 7352.0 115
1673986788882 6880.0 116
1673986804145 6496.0 117
1673986821899 6688.0 118
1673986837976 6560.0 119
1673986853413 6304.0 120
1673986870024 6584.0 121
1673986884916 6016.0 122
1673986900877 5912.0 123
1673986917629 5992.0 124
1673986933198 5736.0 125
1673986949310 5816.0 126
1673986963951 5280.0 127
1673986979903 5544.0 128
1673986994587 4896.0 129
1673987012574 4824.0 130
1673987028527 4912.0 131
1673987044248 5072.0 132
1673987059644 4736.0 133
1673987075557 4248.0 134
1673987091199 4352.0 135
1673987105714 3880.0 136
1673987121391 3912.0 137
1673987135841 3672.0 138
1673987151509 3328.0 139
1673987167174 3040.0 140
1673987184605 2752.0 141
1673987200843 2512.0 142
1673987216443 2072.0 143
1673987232126 1616.0 144
1673987247751 1600.0 145
1673987263367 1328.0 146
1673987278931 920.0 147
1673987294462 712.0 148
1673987310083 512.0 149
