1674090667616 6311143.5 0
1674090684978 5071609.5 1
1674090701909 3593597.0 2
1674090718730 2126522.0 3
1674090735460 1799280.0 4
1674090752367 1796136.0 5
1674090768962 1736026.0 6
1674090785506 1712064.0 7
1674090802098 1668292.0 8
1674090818566 1638962.0 9
1674090835080 1639322.0 10
1674090850437 1665918.0 11
1674090865790 1647888.0 12
1674090881046 1405632.0 13
1674090897407 992980.0 14
1674090913736 958252.0 15
1674090930017 970536.0 16
1674090945162 926552.0 17
1674090961582 937092.0 18
1674090976782 909980.0 19
1674090992997 886824.0 20
1674091009359 887488.0 21
1674091024519 874204.0 22
1674091040751 857872.0 23
1674091057016 865268.0 24
1674091072126 852152.0 25
1674091088295 820852.0 26
1674091104479 820208.0 27
1674091120646 814284.0 28
1674091136844 822368.0 29
1674091151830 815304.0 30
1674091166816 828372.0 31
1674091181726 806984.0 32
1674091197741 798428.0 33
1674091213911 791644.0 34
1674091231060 795148.0 35
1674091248282 787072.0 36
1674091264696 780096.0 37
1674091281020 778192.0 38
1674091298687 788504.0 39
1674091326488 770424.0 40
1674091355229 746692.0 41
1674091384673 793868.0 42
1674091413036 740828.0 43
1674091442528 750384.0 44
1674091470569 757052.0 45
1674091498468 743480.0 46
1674091526127 765740.0 47
1674091553664 721620.0 48
1674091581818 744124.0 49
1674091610783 765456.0 50
1674091639495 757964.0 51
1674091667904 722248.0 52
1674091695008 751172.0 53
1674091722496 611572.0 54
1674091751725 87336.0 55
1674091781808 83240.0 56
1674091809911 83880.0 57
1674091839454 82464.0 58
1674091869863 84408.0 59
1674091897213 82800.0 60
1674091924510 79936.0 61
1674091953674 81272.0 62
1674091981124 78800.0 63
1674092011764 82512.0 64
1674092039934 79640.0 65
1674092068600 82584.0 66
1674092096796 79056.0 67
1674092125036 77248.0 68
1674092154743 76136.0 69
1674092185007 78568.0 70
1674092214771 78208.0 71
1674092242386 76528.0 72
1674092270727 78456.0 73
1674092299291 76104.0 74
1674092329140 73296.0 75
1674092358158 76224.0 76
1674092385117 73800.0 77
1674092413297 71464.0 78
1674092445288 71096.0 79
1674092475635 73440.0 80
1674092503002 72472.0 81
1674092530954 71672.0 82
1674092558897 71712.0 83
1674092584975 73728.0 84
1674092612990 69192.0 85
1674092643144 71632.0 86
1674092671194 69016.0 87
1674092701371 71120.0 88
1674092729493 71232.0 89
1674092756864 69296.0 90
1674092785798 66416.0 91
1674092816220 67776.0 92
1674092844199 67280.0 93
1674092871493 68208.0 94
1674092899292 66440.0 95
1674092926415 64384.0 96
1674092956131 64096.0 97
1674092985871 66304.0 98
1674093013467 61864.0 99
1674093043970 60608.0 100
1674093074339 63104.0 101
1674093102415 62376.0 102
1674093130494 61824.0 103
1674093157725 62400.0 104
1674093185581 59088.0 105
1674093216453 59520.0 106
1674093244126 62008.0 107
1674093272045 59096.0 108
1674093299895 60464.0 109
1674093327682 59984.0 110
1674093355341 57104.0 111
1674093386312 57392.0 112
1674093415370 55936.0 113
1674093444866 55520.0 114
1674093473817 55760.0 115
1674093501864 55544.0 116
1674093529342 55808.0 117
1674093556679 55968.0 118
1674093583996 55600.0 119
1674093611519 53808.0 120
1674093643222 53176.0 121
1674093672783 56576.0 122
1674093700464 56352.0 123
1674093728342 56224.0 124
1674093753087 54792.0 125
1674093768054 54704.0 126
1674093782744 52632.0 127
1674093799622 57144.0 128
1674093816482 54680.0 129
1674093831209 56392.0 130
1674093845922 52048.0 131
1674093861715 51648.0 132
1674093877530 49168.0 133
1674093893428 48304.0 134
1674093909293 47608.0 135
1674093925175 47080.0 136
1674093941034 45728.0 137
1674093956789 47344.0 138
1674093971498 44232.0 139
1674093987247 44624.0 140
1674094001915 44464.0 141
1674094016532 46000.0 142
1674094031180 46552.0 143
1674094045829 44952.0 144
1674094060508 46592.0 145
1674094075191 47752.0 146
1674094089898 50264.0 147
1674094104655 55888.0 148
1674094119507 79680.0 149
