1673893389811 60620.42578125 0
1673893389889 106879.98046875 1
1673893389936 45448.3125 2
1673893390014 84407.03125 3
1673893390061 38296.125 4
1673893390124 73978.3125 5
1673893390186 70270.6875 6
1673893390249 33495.03125 7
1673893390311 64530.34375 8
1673893390358 30759.5 9
1673893390432 30332.8125 10
1673893390494 59426.375 11
1673893390557 28888.125 12
1673893390620 56826.125 13
1673893390667 55693.0 14
1673893390730 54896.75 15
1673893390776 27168.0625 16
1673893390839 53144.25 17
1673893390902 52849.375 18
1673893390948 26136.0 19
1673893391011 51778.0 20
1673893391073 51626.375 21
1673893391120 26309.375 22
1673893391181 49986.25 23
1673893391244 49993.375 24
1673893391306 49363.875 25
1673893391353 49977.5 26
1673893391400 24580.875 27
1673893391463 24479.5 28
1673893391525 48672.875 29
1673893391589 24377.0 30
1673893391651 24381.75 31
1673893391698 23997.375 32
1673893391776 48181.25 33
1673893391854 24143.875 34
1673893391917 47431.5 35
1673893391979 47317.75 36
1673893392026 23470.25 37
1673893392104 23330.5 38
1673893392167 24200.0 39
1673893392229 46004.0 40
1673893392292 46356.875 41
1673893392354 46437.875 42
1673893392416 23456.875 43
1673893392463 22992.25 44
1673893392541 23526.5 45
1673893392604 45701.625 46
1673893392666 23007.875 47
1673893392729 44164.5 48
1673893392791 22793.0 49
1673893392854 43487.75 50
1673893392916 44552.75 51
1673893392979 22255.75 52
1673893393041 44080.5 53
1673893393106 22145.25 54
1673893393168 21882.75 55
1673893393246 22012.25 56
1673893393293 43968.0 57
1673893393356 21799.5 58
1673893393419 21720.5 59
1673893393497 43785.25 60
1673893393560 43655.75 61
1673893393622 43798.25 62
1673893393685 43350.75 63
1673893393747 43244.25 64
1673893393810 43331.5 65
1673893393857 43069.0 66
1673893393935 42884.0 67
1673893393982 21534.5 68
1673893394060 42977.0 69
1673893394106 21520.75 70
1673893394169 42939.0 71
1673893394231 21422.5 72
1673893394294 42840.75 73
1673893394356 21364.25 74
1673893394419 42821.75 75
1673893394481 21087.25 76
1673893394544 42736.75 77
1673893394606 21284.25 78
1673893394669 42446.5 79
1673893394731 42273.75 80
1673893394778 21164.0 81
1673893394841 42369.25 82
1673893394903 21022.0 83
1673893394966 42330.75 84
1673893395028 20736.75 85
1673893395091 42307.5 86
1673893395153 42069.0 87
1673893395200 41773.0 88
1673893395262 42093.75 89
1673893395325 21051.0 90
1673893395387 41899.5 91
1673893395434 21081.0 92
1673893395497 20566.25 93
1673893395559 20857.75 94
1673893395622 20987.0 95
1673893395684 41076.75 96
1673893395747 20649.75 97
1673893395794 20460.25 98
1673893395856 20789.0 99
1673893395919 41013.25 100
1673893395981 20625.5 101
1673893396028 20727.75 102
1673893396090 20448.0 103
1673893396153 20558.25 104
1673893396215 20451.25 105
1673893396278 40804.25 106
1673893396325 20535.75 107
1673893396387 20236.75 108
1673893396450 20453.75 109
1673893396497 20092.5 110
1673893396575 40693.75 111
1673893396622 40485.75 112
1673893396684 40175.5 113
1673893396747 39779.75 114
1673893396809 19871.0 115
1673893396871 19836.5 116
1673893396934 38851.0 117
1673893396996 38728.0 118
1673893397058 19364.0 119
1673893397120 19596.0 120
1673893397167 19541.0 121
1673893397229 19408.0 122
1673893397293 19468.0 123
1673893397340 19446.0 124
1673893397402 38713.5 125
1673893397465 38421.5 126
1673893397527 19352.5 127
1673893397574 19199.5 128
1673893397652 19689.0 129
1673893397703 19296.0 130
1673893397765 19204.5 131
1673893397828 19136.0 132
1673893397890 19107.5 133
1673893397954 19267.0 134
1673893398001 19421.5 135
1673893398063 38146.5 136
1673893398119 37865.0 137
1673893398181 38201.0 138
1673893398244 18800.5 139
1673893398306 38124.5 140
1673893398369 38000.0 141
1673893398416 18793.0 142
1673893398479 37498.0 143
1673893398542 38009.5 144
1673893398604 37681.0 145
1673893398667 18846.5 146
1673893398714 18769.5 147
1673893398792 37139.0 148
1673893398838 18772.5 149
