1674074553240 6852987.0 0
1674074570705 6121480.0 1
1674074588130 4556239.0 2
1674074605488 2043502.0 3
1674074622680 2061368.0 4
1674074638762 2052572.0 5
1674074654536 2042076.0 6
1674074671334 1957264.0 7
1674074688139 1964768.0 8
1674074703843 1915978.0 9
1674074720562 1959576.0 10
1674074736140 1354510.0 11
1674074752748 1333168.0 12
1674074769443 1267048.0 13
1674074786055 1295064.0 14
1674074801506 1259976.0 15
1674074818079 1236020.0 16
1674074834660 1224284.0 17
1674074851768 1217976.0 18
1674074868292 1176052.0 19
1674074884849 1148996.0 20
1674074901391 1137548.0 21
1674074917986 1156868.0 22
1674074933461 1121524.0 23
1674074949917 1113316.0 24
1674074966494 1082068.0 25
1674074982947 1055020.0 26
1674074999392 1083500.0 27
1674075014801 1074308.0 28
1674075030009 1056808.0 29
1674075045187 1034968.0 30
1674075062298 1041624.0 31
1674075077992 1006904.0 32
1674075094448 1001892.0 33
1674075110782 998192.0 34
1674075127251 981104.0 35
1674075143643 951292.0 36
1674075159967 948400.0 37
1674075176516 953860.0 38
1674075192048 954012.0 39
1674075207214 947944.0 40
1674075223592 425448.0 41
1674075240026 94968.0 42
1674075256323 94256.0 43
1674075272480 91736.0 44
1674075288758 93536.0 45
1674075303849 90800.0 46
1674075320141 90208.0 47
1674075336408 90192.0 48
1674075352572 91312.0 49
1674075367686 89504.0 50
1674075383928 88888.0 51
1674075400134 90160.0 52
1674075415209 89672.0 53
1674075430286 89440.0 54
1674075445431 86776.0 55
1674075461596 84816.0 56
1674075477767 86816.0 57
1674075492851 85664.0 58
1674075507836 82160.0 59
1674075524108 85632.0 60
1674075539047 82016.0 61
1674075555138 85536.0 62
1674075570117 83976.0 63
1674075585161 81880.0 64
1674075601304 82312.0 65
1674075616432 81976.0 66
1674075631459 81832.0 67
1674075648536 81824.0 68
1674075664827 80040.0 69
1674075681107 82728.0 70
1674075696109 79808.0 71
1674075712213 78424.0 72
1674075728359 78144.0 73
1674075744455 78024.0 74
1674075760599 78304.0 75
1674075775631 77216.0 76
1674075791783 77696.0 77
1674075806818 76696.0 78
1674075823028 75536.0 79
1674075839107 76088.0 80
1674075854017 74504.0 81
1674075870056 73392.0 82
1674075886050 72560.0 83
1674075902403 73312.0 84
1674075917306 72640.0 85
1674075932179 72216.0 86
1674075948170 71480.0 87
1674075964183 71056.0 88
1674075980268 68800.0 89
1674075996375 68784.0 90
1674076012398 68384.0 91
1674076028435 69616.0 92
1674076043493 66168.0 93
1674076059521 66864.0 94
1674076074458 67224.0 95
1674076089571 65664.0 96
1674076105779 65416.0 97
1674076121732 66232.0 98
1674076136548 62720.0 99
1674076152624 66200.0 100
1674076167445 61776.0 101
1674076183404 64208.0 102
1674076198321 62392.0 103
1674076213204 61000.0 104
1674076229221 60784.0 105
1674076245191 63072.0 106
1674076260125 60368.0 107
1674076276194 60520.0 108
1674076291018 61600.0 109
1674076305829 58400.0 110
1674076321807 58184.0 111
1674076337773 56992.0 112
1674076353689 55664.0 113
1674076369601 57544.0 114
1674076384459 57024.0 115
1674076399261 56096.0 116
1674076414048 54456.0 117
1674076429884 54648.0 118
1674076444688 54968.0 119
1674076459576 53208.0 120
1674076476362 53352.0 121
1674076491142 52920.0 122
1674076507086 51552.0 123
1674076522924 50392.0 124
1674076538768 49864.0 125
1674076554616 49088.0 126
1674076570857 48632.0 127
1674076586640 48440.0 128
1674076602541 48792.0 129
1674076617391 47520.0 130
1674076633284 46640.0 131
1674076649831 45736.0 132
1674076665711 44632.0 133
1674076681571 44096.0 134
1674076697583 44664.0 135
1674076712380 41160.0 136
1674076728180 44360.0 137
1674076742933 41480.0 138
1674076757651 41960.0 139
1674076772305 41592.0 140
1674076787107 39680.0 141
1674076802959 39912.0 142
1674076817859 39768.0 143
1674076832675 38472.0 144
1674076848549 38840.0 145
1674076863345 39240.0 146
1674076878035 39152.0 147
1674076892709 37480.0 148
1674076908528 38008.0 149
