1674077122131 6155262.5 0
1674077133575 5448478.5 1
1674077145009 4567606.0 2
1674077156294 2419979.0 3
1674077167657 2218436.0 4
1674077179744 2151240.0 5
1674077191868 2154680.0 6
1674077202089 2099658.0 7
1674077213204 2060586.0 8
1674077224302 2034648.0 9
1674077235417 2015404.0 10
1674077246533 1779882.0 11
1674077257617 1721312.0 12
1674077268720 1723600.0 13
1674077278333 1721584.0 14
1674077287862 1680804.0 15
1674077298903 1670328.0 16
1674077309871 1666972.0 17
1674077320906 1621044.0 18
1674077331921 1630248.0 19
1674077341432 1590828.0 20
1674077352414 1569800.0 21
1674077363379 1521544.0 22
1674077374362 1512316.0 23
1674077385358 1469232.0 24
1674077396305 1503104.0 25
1674077405764 1441216.0 26
1674077417524 1390400.0 27
1674077429679 1403348.0 28
1674077439615 1406796.0 29
1674077449107 1401984.0 30
1674077458657 1386284.0 31
1674077469645 1002172.0 32
1674077480516 104744.0 33
1674077491425 103032.0 34
1674077502349 103288.0 35
1674077511701 104128.0 36
1674077521177 101504.0 37
1674077532094 101848.0 38
1674077541579 104064.0 39
1674077550825 105896.0 40
1674077560111 103088.0 41
1674077569481 100568.0 42
1674077580340 104224.0 43
1674077589627 99128.0 44
1674077601520 101488.0 45
1674077612158 101688.0 46
1674077621581 100392.0 47
1674077630896 99984.0 48
1674077640183 101512.0 49
1674077649529 102320.0 50
1674077658895 103824.0 51
1674077668220 99680.0 52
1674077677554 100120.0 53
1674077686805 101248.0 54
1674077696363 98592.0 55
1674077707316 100128.0 56
1674077716677 98688.0 57
1674077725963 95104.0 58
1674077736662 95240.0 59
1674077745797 97864.0 60
1674077754976 94896.0 61
1674077765416 97112.0 62
1674077774913 97344.0 63
1674077785580 94560.0 64
1674077796318 96872.0 65
1674077805495 94568.0 66
1674077814683 98144.0 67
1674077823869 92968.0 68
1674077834014 93896.0 69
1674077843151 93048.0 70
1674077852266 93792.0 71
1674077862964 93744.0 72
1674077873639 93464.0 73
1674077882802 91616.0 74
1674077892941 92040.0 75
1674077902355 91960.0 76
1674077911492 92832.0 77
1674077920532 89600.0 78
1674077931136 90992.0 79
1674077940164 92432.0 80
1674077949288 88792.0 81
1674077959346 91536.0 82
1674077968402 92008.0 83
1674077977442 92968.0 84
1674077986504 88536.0 85
1674077997053 87792.0 86
1674078008987 90176.0 87
1674078019618 87008.0 88
1674078031188 88384.0 89
1674078040203 89072.0 90
1674078049214 87040.0 91
1674078058225 90216.0 92
1674078067230 85416.0 93
1674078077192 86520.0 94
1674078086198 84624.0 95
1674078096131 85520.0 96
1674078105104 83320.0 97
1674078115075 84048.0 98
1674078124108 84880.0 99
1674078133100 87144.0 100
1674078143436 86904.0 101
1674078153863 85064.0 102
1674078163306 84096.0 103
1674078172368 85912.0 104
1674078181460 84400.0 105
1674078190570 82648.0 106
1674078201981 84032.0 107
1674078212428 83456.0 108
1674078221813 84688.0 109
1674078230974 81688.0 110
1674078241536 79208.0 111
1674078252105 81240.0 112
1674078261257 80120.0 113
1674078270401 82136.0 114
1674078279506 81112.0 115
1674078288554 81136.0 116
1674078297664 81224.0 117
1674078306752 80168.0 118
1674078315762 81048.0 119
1674078324836 81232.0 120
1674078333872 78288.0 121
1674078344528 77896.0 122
1674078355084 79400.0 123
1674078364135 81152.0 124
1674078373240 81384.0 125
1674078383787 79176.0 126
1674078393856 77072.0 127
1674078404324 78224.0 128
1674078413319 77360.0 129
1674078422317 78416.0 130
1674078431401 78552.0 131
1674078440470 75872.0 132
1674078450987 74368.0 133
1674078461780 74496.0 134
1674078470751 73888.0 135
1674078481294 74608.0 136
1674078490228 73376.0 137
1674078500727 73120.0 138
1674078511196 74352.0 139
1674078520187 74184.0 140
1674078529191 73104.0 141
1674078539828 72208.0 142
1674078550694 73208.0 143
1674078559696 74368.0 144
1674078568606 70144.0 145
1674078579045 72824.0 146
1674078588044 70424.0 147
1674078597027 68608.0 148
1674078607500 66504.0 149
