1673896199291 34143.70703125 0
1673896199307 38771.19921875 1
1673896199338 35220.8125 2
1673896199369 22662.4453125 3
1673896199401 31185.7265625 4
1673896199416 20375.0 5
1673896199447 28741.296875 6
1673896199479 27875.71875 7
1673896199494 18634.890625 8
1673896199526 18226.671875 9
1673896199557 17843.78125 10
1673896199588 25237.125 11
1673896199604 17250.09375 12
1673896199635 24545.3125 13
1673896199666 24103.78125 14
1673896199682 23590.25 15
1673896199713 23584.3125 16
1673896199744 23024.4375 17
1673896199760 15784.09375 18
1673896199791 15557.5 19
1673896199822 15412.125 20
1673896199854 22052.875 21
1673896199869 14884.71875 22
1673896199900 14758.8125 23
1673896199932 14768.0625 24
1673896199951 21267.9375 25
1673896199982 20998.125 26
1673896199998 14512.8125 27
1673896200029 20535.125 28
1673896200060 14258.9375 29
1673896200092 20478.25 30
1673896200124 20276.0625 31
1673896200143 20101.3125 32
1673896200174 13926.3125 33
1673896200190 13793.25 34
1673896200221 20114.5625 35
1673896200253 13866.375 36
1673896200268 19891.375 37
1673896200299 13593.125 38
1673896200332 13616.5 39
1673896200347 19509.625 40
1673896200378 13302.875 41
1673896200394 13390.6875 42
1673896200425 13102.1875 43
1673896200457 13290.5 44
1673896200472 13141.5625 45
1673896200503 19082.5625 46
1673896200519 13167.0625 47
1673896200550 19174.75 48
1673896200582 19287.5625 49
1673896200597 13008.0 50
1673896200628 12819.0625 51
1673896200660 18975.5625 52
1673896200675 18663.1875 53
1673896200707 18290.5 54
1673896200722 12596.375 55
1673896200753 18400.75 56
1673896200785 18127.375 57
1673896200800 18189.875 58
1673896200831 12504.375 59
1673896200863 18747.625 60
1673896200878 18108.0 61
1673896200910 12369.625 62
1673896200925 12540.0 63
1673896200956 12381.0 64
1673896200988 18012.625 65
1673896201003 18054.5 66
1673896201035 12392.875 67
1673896201050 12215.75 68
1673896201081 12402.75 69
1673896201097 17713.25 70
1673896201128 17711.625 71
1673896201160 18208.125 72
1673896201175 12211.25 73
1673896201206 12307.5 74
1673896201238 17559.625 75
1673896201253 17622.125 76
1673896201285 12070.75 77
1673896201300 12096.625 78
1673896201331 12210.75 79
1673896201347 11986.0 80
1673896201378 17400.5 81
1673896201409 17231.25 82
1673896201425 12048.625 83
1673896201456 17407.5 84
1673896201488 17562.5 85
1673896201503 12154.5 86
1673896201534 11849.125 87
1673896201550 11722.375 88
1673896201581 17095.625 89
1673896201613 11857.875 90
1673896201628 17097.5 91
1673896201659 16959.0 92
1673896201675 11694.875 93
1673896201706 16920.75 94
1673896201738 17099.5 95
1673896201753 16895.625 96
1673896201784 16981.875 97
1673896201800 17193.25 98
1673896201831 11671.375 99
1673896201863 11712.5 100
1673896201878 16773.375 101
1673896201909 11507.625 102
1673896201925 11557.375 103
1673896201956 16732.875 104
1673896201972 16892.0 105
1673896202003 11572.875 106
1673896202034 16949.375 107
1673896202050 16724.125 108
1673896202081 16606.875 109
1673896202097 11581.625 110
1673896202128 11478.875 111
1673896202154 16388.0 112
1673896202186 16693.75 113
1673896202217 16447.25 114
1673896202233 16391.875 115
1673896202265 16826.0 116
1673896202280 11374.875 117
1673896202312 16599.875 118
1673896202343 16291.625 119
1673896202358 16390.25 120
1673896202390 16154.0 121
1673896202405 16334.25 122
1673896202437 11206.5 123
1673896202468 15911.5 124
1673896202483 10815.0 125
1673896202515 11023.75 126
1673896202530 15902.0 127
1673896202562 10930.75 128
1673896202577 10857.5 129
1673896202608 15868.75 130
1673896202624 15783.75 131
1673896202655 10859.5 132
1673896202687 15723.5 133
1673896202702 15727.5 134
1673896202733 10801.5 135
1673896202749 15726.75 136
1673896202780 15548.75 137
1673896202796 10885.5 138
1673896202827 10727.25 139
1673896202858 10789.5 140
1673896202874 15602.5 141
1673896202905 10748.75 142
1673896202921 10733.5 143
1673896202952 15448.25 144
1673896202968 15687.0 145
1673896202999 10743.25 146
1673896203015 10807.75 147
1673896203046 10660.0 148
1673896203077 15458.25 149
