1673896153521 39313.11328125 0
1673896153556 41856.73828125 1
1673896153588 25548.8515625 2
1673896153619 34623.765625 3
1673896153652 32516.390625 4
1673896153683 31447.53125 5
1673896153714 29221.375 6
1673896153746 27794.828125 7
1673896153778 18543.84375 8
1673896153820 26362.6875 9
1673896153835 25814.25 10
1673896153867 24776.21875 11
1673896153898 24170.59375 12
1673896153929 24119.0625 13
1673896153976 23722.875 14
1673896154007 23472.78125 15
1673896154038 22887.5 16
1673896154070 22583.5 17
1673896154101 21962.3125 18
1673896154132 21661.21875 19
1673896154163 14954.125 20
1673896154189 21600.4375 21
1673896154236 21075.0 22
1673896154267 20670.875 23
1673896154299 20436.3125 24
1673896154332 20461.125 25
1673896154363 20022.375 26
1673896154394 20053.25 27
1673896154426 19939.375 28
1673896154442 13679.625 29
1673896154473 13594.0 30
1673896154505 19537.25 31
1673896154545 19231.4375 32
1673896154576 19213.125 33
1673896154592 13209.5625 34
1673896154623 19080.5 35
1673896154654 12928.625 36
1673896154686 13043.75 37
1673896154717 19405.1875 38
1673896154750 12854.875 39
1673896154781 18354.1875 40
1673896154797 12679.0 41
1673896154828 18246.125 42
1673896154859 12415.375 43
1673896154890 18039.625 44
1673896154922 18292.25 45
1673896154953 18141.25 46
1673896154969 17661.5 47
1673896155000 12426.0 48
1673896155031 18188.0625 49
1673896155062 17719.75 50
1673896155078 17685.875 51
1673896155109 17494.875 52
1673896155125 12016.75 53
1673896155156 17077.25 54
1673896155187 17358.75 55
1673896155203 17051.625 56
1673896155234 11739.0 57
1673896155265 17577.75 58
1673896155281 17205.5 59
1673896155313 11851.5 60
1673896155344 17130.375 61
1673896155360 17061.375 62
1673896155391 11671.25 63
1673896155423 16639.875 64
1673896155438 16695.375 65
1673896155469 16688.375 66
1673896155501 16739.25 67
1673896155516 16795.5 68
1673896155547 11605.75 69
1673896155579 11608.0 70
1673896155594 16341.625 71
1673896155626 16251.875 72
1673896155641 11307.375 73
1673896155672 16261.125 74
1673896155704 11407.625 75
1673896155719 16316.25 76
1673896155751 11253.375 77
1673896155766 11081.5 78
1673896155797 11195.75 79
1673896155829 15911.875 80
1673896155860 16216.625 81
1673896155876 16150.75 82
1673896155916 15979.875 83
1673896155936 15825.0 84
1673896155968 16124.375 85
1673896155983 10862.625 86
1673896156015 15846.125 87
1673896156051 15710.125 88
1673896156066 11092.0 89
1673896156097 15812.625 90
1673896156129 15927.375 91
1673896156144 10888.875 92
1673896156176 10873.5 93
1673896156192 15575.25 94
1673896156223 15833.125 95
1673896156255 10792.875 96
1673896156274 15618.125 97
1673896156306 10824.625 98
1673896156321 10808.0 99
1673896156352 10779.125 100
1673896156384 10737.875 101
1673896156400 10693.0 102
1673896156432 10748.875 103
1673896156463 10619.75 104
1673896156478 10752.25 105
1673896156510 10721.0 106
1673896156541 10622.875 107
1673896156557 15289.75 108
1673896156588 15250.25 109
1673896156603 10461.625 110
1673896156635 10495.5 111
1673896156666 15125.875 112
1673896156681 15227.125 113
1673896156713 10578.5 114
1673896156744 15093.5 115
1673896156760 15140.75 116
1673896156791 15496.875 117
1673896156806 10581.875 118
1673896156838 10431.0 119
1673896156869 15215.125 120
1673896156885 14951.125 121
1673896156916 15179.375 122
1673896156947 15019.875 123
1673896156963 10073.25 124
1673896156994 14704.0 125
1673896157025 14698.75 126
1673896157041 14811.0 127
1673896157072 10009.5 128
1673896157103 10028.0 129
1673896157119 10192.25 130
1673896157150 9992.75 131
1673896157181 14720.0 132
1673896157197 10151.0 133
1673896157228 9954.0 134
1673896157244 9895.25 135
1673896157275 14489.25 136
1673896157307 14335.25 137
1673896157332 14395.0 138
1673896157364 14383.75 139
1673896157379 14231.25 140
1673896157411 14226.0 141
1673896157442 14296.25 142
1673896157457 14512.0 143
1673896157495 14436.75 144
1673896157525 14308.25 145
1673896157540 14132.25 146
1673896157576 14271.75 147
1673896157601 14194.75 148
1673896157634 14154.5 149
