1673915867381 6537731.5 0
1673915877058 5612313.5 1
1673915886653 5216603.0 2
1673915896244 2618280.0 3
1673915905826 2594658.0 4
1673915915380 2601618.0 5
1673915924119 2594320.0 6
1673915933680 2622412.0 7
1673915942219 2646034.0 8
1673915950709 1498962.0 9
1673915960183 1172304.0 10
1673915969620 1165492.0 11
1673915979076 1165056.0 12
1673915988486 1122732.0 13
1673915997940 1150592.0 14
1673916006412 1149220.0 15
1673916014875 1163520.0 16
1673916023366 1164064.0 17
1673916031796 1144408.0 18
1673916040336 1123208.0 19
1673916049272 1148736.0 20
1673916057842 1157332.0 21
1673916066290 1141268.0 22
1673916074851 1161504.0 23
1673916083285 1175716.0 24
1673916091740 1197732.0 25
1673916100163 1198560.0 26
1673916108620 1197696.0 27
1673916117079 1208072.0 28
1673916125482 1201704.0 29
1673916133859 1198212.0 30
1673916142297 1184980.0 31
1673916150693 1205696.0 32
1673916159083 1185332.0 33
1673916167480 1210012.0 34
1673916175881 1209504.0 35
1673916184329 1189632.0 36
1673916192716 877536.0 37
1673916202117 13800.0 38
1673916211561 13800.0 39
1673916220964 14960.0 40
1673916229362 14864.0 41
1673916237748 15432.0 42
1673916246168 15336.0 43
1673916254591 15472.0 44
1673916262973 15920.0 45
1673916271390 16952.0 46
1673916279802 17432.0 47
1673916288183 16056.0 48
1673916296587 17384.0 49
1673916304998 18056.0 50
1673916313447 18128.0 51
1673916321794 17672.0 52
1673916330198 18280.0 53
1673916338627 18544.0 54
1673916347074 18344.0 55
1673916355453 18736.0 56
1673916363836 18400.0 57
1673916372244 18960.0 58
1673916380644 18696.0 59
1673916388999 19744.0 60
1673916397390 19184.0 61
1673916405752 19712.0 62
1673916414145 19696.0 63
1673916422497 19048.0 64
