1673896149762 83221.6875 0
1673896149793 65769.640625 1
1673896149825 60170.0625 2
1673896149871 56405.453125 3
1673896149903 52828.1875 4
1673896149934 50800.1875 5
1673896149981 49767.03125 6
1673896150012 49018.15625 7
1673896150059 48285.875 8
1673896150090 32682.59375 9
1673896150121 47390.6875 10
1673896150153 32171.625 11
1673896150199 46694.125 12
1673896150231 46617.0625 13
1673896150262 46462.3125 14
1673896150293 31894.5625 15
1673896150340 46029.5625 16
1673896150371 45940.375 17
1673896150403 45538.1875 18
1673896150434 45905.5625 19
1673896150465 45799.0625 20
1673896150496 31791.75 21
1673896150546 46093.625 22
1673896150578 45813.5 23
1673896150609 45675.375 24
1673896150656 45744.75 25
1673896150687 45497.5 26
1673896150718 45524.125 27
1673896150749 45050.625 28
1673896150782 45416.875 29
1673896150817 45213.25 30
1673896150848 45216.375 31
1673896150879 45142.375 32
1673896150927 44978.25 33
1673896150958 44957.875 34
1673896150990 44511.875 35
1673896151021 44626.375 36
1673896151052 44616.625 37
1673896151099 44565.75 38
1673896151130 44611.875 39
1673896151161 44712.5 40
1673896151193 44812.25 41
1673896151224 44916.25 42
1673896151271 44405.625 43
1673896151302 44551.375 44
1673896151333 40838.25 45
1673896151364 40842.25 46
