1673896235249 88209.0390625 0
1673896235280 57586.6484375 1
1673896235327 51817.078125 2
1673896235358 46270.3125 3
1673896235389 29685.296875 4
1673896235436 41506.09375 5
1673896235467 39299.375 6
1673896235499 37959.34375 7
1673896235545 36679.4375 8
1673896235577 35547.1875 9
1673896235608 35140.25 10
1673896235639 23578.125 11
1673896235670 32952.9375 12
1673896235717 32729.6875 13
1673896235748 22142.4375 14
1673896235780 31581.875 15
1673896235827 31204.125 16
1673896235858 21323.75 17
1673896235889 30114.3125 18
1673896235920 29851.5625 19
1673896235952 20245.1875 20
1673896235983 29914.875 21
1673896236019 29472.8125 22
1673896236066 28900.625 23
1673896236097 28566.625 24
1673896236129 28194.25 25
1673896236160 28624.9375 26
1673896236207 28046.5625 27
1673896236239 27968.9375 28
1673896236270 28066.9375 29
1673896236301 27333.75 30
1673896236333 27039.0 31
1673896236364 26764.0 32
1673896236395 26827.125 33
1673896236426 26577.125 34
1673896236458 18236.25 35
1673896236489 26195.0 36
1673896236536 26125.5 37
1673896236567 26101.75 38
1673896236598 25785.375 39
1673896236629 25984.25 40
1673896236661 17773.375 41
1673896236692 17840.125 42
1673896236723 25573.0 43
1673896236770 25738.75 44
1673896236801 25762.75 45
1673896236832 17431.5 46
1673896236864 25645.0 47
1673896236895 25360.75 48
1673896236926 25722.375 49
1673896236957 25154.625 50
1673896237004 25085.5 51
1673896237036 25066.5 52
1673896237067 24962.25 53
1673896237107 25082.125 54
1673896237138 24998.75 55
1673896237170 24842.125 56
1673896237201 24712.375 57
1673896237233 24919.375 58
1673896237264 16913.125 59
1673896237296 16954.375 60
1673896237327 24372.0 61
1673896237358 16852.875 62
1673896237405 24415.75 63
1673896237436 24374.625 64
1673896237467 24455.125 65
1673896237499 24229.625 66
1673896237530 16726.5 67
1673896237577 24361.875 68
1673896237608 24090.0 69
1673896237639 24176.5 70
1673896237671 24007.625 71
1673896237702 24163.5 72
1673896237733 23959.625 73
1673896237764 16693.375 74
1673896237811 22992.0 75
1673896237842 23241.0 76
1673896237874 23076.5 77
1673896237920 23044.0 78
1673896237952 22985.25 79
1673896237983 23019.0 80
1673896238014 22767.75 81
1673896238045 22887.75 82
1673896238077 23161.5 83
1673896238108 22995.5 84
1673896238155 22811.5 85
1673896238186 15772.5 86
1673896238217 15583.0 87
1673896238249 15628.25 88
1673896238280 22963.75 89
1673896238311 22777.5 90
1673896238342 22839.5 91
1673896238389 22767.0 92
1673896238420 22736.25 93
1673896238452 22544.5 94
1673896238483 22604.25 95
1673896238514 22528.75 96
1673896238545 22551.75 97
1673896238577 22457.75 98
1673896238608 15516.75 99
1673896238655 15458.0 100
1673896238686 22535.25 101
1673896238717 22307.25 102
1673896238748 15385.25 103
1673896238780 15271.0 104
1673896238811 22190.25 105
1673896238858 22216.0 106
1673896238889 22053.75 107
1673896238920 22188.75 108
1673896238951 22176.75 109
1673896238983 22364.5 110
1673896239014 15186.0 111
1673896239045 22082.0 112
1673896239092 21916.0 113
1673896239123 22003.25 114
1673896239155 22015.25 115
1673896239186 22232.5 116
1673896239217 14993.5 117
1673896239264 21862.25 118
1673896239295 21943.5 119
1673896239326 21829.5 120
1673896239358 21792.5 121
1673896239389 15090.75 122
1673896239420 21718.75 123
1673896239451 14977.0 124
1673896239498 21635.25 125
1673896239529 21911.0 126
1673896239561 21733.25 127
1673896239592 21859.75 128
1673896239623 14798.0 129
1673896239654 21547.0 130
1673896239686 14769.0 131
1673896239733 21727.75 132
1673896239764 21528.5 133
1673896239795 14762.75 134
1673896239826 21488.75 135
1673896239857 21490.25 136
1673896239889 21479.25 137
1673896239920 21588.5 138
1673896239951 14806.25 139
1673896239998 21277.5 140
1673896240028 21305.0 141
1673896240059 21506.0 142
1673896240090 21407.75 143
1673896240123 14876.25 144
1673896240154 21221.0 145
1673896240201 21163.5 146
1673896240232 14625.75 147
1673896240263 14720.25 148
1673896240294 21368.25 149
