1673896165020 56752.84765625 0
1673896165051 42058.87109375 1
1673896165067 36797.265625 2
1673896165098 34852.765625 3
1673896165129 32937.125 4
1673896165160 31627.828125 5
1673896165191 30308.453125 6
1673896165223 29337.53125 7
1673896165258 28124.65625 8
1673896165289 19147.59375 9
1673896165321 26835.78125 10
1673896165336 18290.03125 11
1673896165368 17972.25 12
1673896165399 25991.84375 13
1673896165415 25317.4375 14
1673896165446 17076.90625 15
1673896165478 16932.15625 16
1673896165509 16705.125 17
1673896165524 16563.59375 18
1673896165556 23393.875 19
1673896165587 16120.6875 20
1673896165618 15997.25 21
1673896165634 22811.8125 22
1673896165665 15523.125 23
1673896165696 15481.1875 24
1673896165712 15424.125 25
1673896165748 15248.5 26
1673896165779 15155.9375 27
1673896165810 21522.25 28
1673896165827 21522.375 29
1673896165859 14638.625 30
1673896165880 14630.1875 31
1673896165912 14570.75 32
1673896165943 21486.4375 33
1673896165959 14415.1875 34
1673896165991 20912.5 35
1673896166022 21260.125 36
1673896166038 14256.4375 37
1673896166069 20468.25 38
1673896166100 14119.4375 39
1673896166116 14145.5625 40
1673896166147 20263.125 41
1673896166178 13891.25 42
1673896166194 13638.1875 43
1673896166225 19945.0625 44
1673896166256 19754.25 45
1673896166272 19739.125 46
1673896166303 13637.625 47
1673896166334 20129.625 48
1673896166350 13418.5625 49
1673896166381 13267.5 50
1673896166413 19279.0 51
1673896166429 13281.5 52
1673896166460 13186.125 53
1673896166492 19507.0 54
1673896166507 19042.0 55
1673896166538 13175.375 56
1673896166554 13088.0 57
1673896166585 18753.625 58
1673896166617 12861.25 59
1673896166632 19124.125 60
1673896166663 12990.125 61
1673896166679 12657.75 62
1673896166710 12884.875 63
1673896166742 18655.75 64
1673896166757 18451.75 65
1673896166788 12692.625 66
1673896166804 18382.0 67
1673896166835 18187.75 68
1673896166851 12740.75 69
1673896166882 12565.5 70
1673896166913 18172.375 71
1673896166929 18268.375 72
1673896166960 12530.5 73
1673896166992 12604.0 74
1673896167007 18010.125 75
1673896167038 12495.875 76
1673896167054 12337.625 77
1673896167085 12384.75 78
1673896167101 18280.75 79
1673896167132 12323.5 80
1673896167163 12371.625 81
1673896167179 12263.0 82
1673896167210 12325.25 83
1673896167226 17897.25 84
1673896167257 12288.25 85
1673896167273 17658.0 86
1673896167299 17779.875 87
1673896167330 12043.75 88
1673896167361 17588.375 89
1673896167377 12137.75 90
1673896167409 17516.875 91
1673896167425 12240.0 92
1673896167456 17608.125 93
1673896167472 12192.5 94
1673896167503 11980.375 95
1673896167534 17547.625 96
1673896167550 17466.375 97
1673896167581 12037.875 98
1673896167597 17510.125 99
1673896167628 12071.625 100
1673896167643 17292.375 101
1673896167675 11882.25 102
1673896167706 17575.125 103
1673896167722 11873.125 104
1673896167753 17325.5 105
1673896167784 17009.875 106
1673896167800 17004.125 107
1673896167831 17212.625 108
1673896167847 11991.75 109
1673896167878 17091.375 110
1673896167893 17000.5 111
1673896167925 16859.25 112
1673896167956 16927.875 113
1673896167972 16905.875 114
1673896168003 16848.25 115
1673896168018 11676.5 116
1673896168050 16988.25 117
1673896168065 11660.75 118
1673896168096 16549.25 119
1673896168128 11504.75 120
1673896168143 11511.75 121
1673896168175 11460.5 122
1673896168190 11524.25 123
1673896168221 11432.0 124
1673896168253 16550.5 125
1673896168268 11502.5 126
1673896168300 16602.5 127
1673896168315 16574.5 128
1673896168346 11339.25 129
1673896168362 16612.0 130
1673896168393 11545.75 131
1673896168409 16289.75 132
1673896168440 11304.25 133
1673896168471 11380.25 134
1673896168487 11253.5 135
1673896168518 11288.25 136
1673896168534 16282.0 137
1673896168565 11411.5 138
1673896168581 16366.0 139
1673896168612 16374.25 140
1673896168628 11246.5 141
1673896168659 11219.75 142
1673896168690 11238.0 143
1673896168706 11138.0 144
1673896168737 11270.25 145
1673896168753 16467.25 146
1673896168784 11303.5 147
1673896168799 11187.25 148
1673896168831 16245.75 149
