1673926423202 6138523.5 0
1673926440312 5566655.5 1
1673926457121 5300383.0 2
1673926473908 2635204.0 3
1673926491384 2734782.0 4
1673926507117 2661614.0 5
1673926523735 2676326.0 6
1673926540733 2795242.0 7
1673926556122 2682816.0 8
1673926571040 1464090.0 9
1673926587515 1289632.0 10
1673926604213 1189000.0 11
1673926621653 1294012.0 12
1673926636810 1194036.0 13
1673926652757 1219788.0 14
1673926669186 1275056.0 15
1673926684856 1271796.0 16
1673926699606 1228244.0 17
1673926714602 1279900.0 18
1673926730631 1283568.0 19
1673926746378 1274024.0 20
1673926762113 1318788.0 21
1673926777543 1302084.0 22
1673926793838 1295304.0 23
1673926809526 1285096.0 24
1673926824780 1325324.0 25
1673926840067 1327172.0 26
1673926855281 1308620.0 27
1673926870659 1264688.0 28
1673926886067 1325032.0 29
1673926901795 1286500.0 30
1673926917991 1222736.0 31
1673926933726 1223540.0 32
1673926949099 1246400.0 33
1673926964484 1271892.0 34
1673926979806 654804.0 35
1673926997034 7840.0 36
1673927015792 7456.0 37
1673927033646 8008.0 38
1673927049400 7624.0 39
1673927064659 7528.0 40
1673927080059 7136.0 41
1673927096897 8288.0 42
1673927112157 7736.0 43
1673927128720 7240.0 44
1673927145341 7784.0 45
1673927160869 7880.0 46
1673927176444 7032.0 47
1673927193333 6864.0 48
1673927210251 7880.0 49
1673927225585 7664.0 50
1673927241510 7808.0 51
1673927258389 6856.0 52
1673927274315 7600.0 53
1673927282885 6672.0 54
1673927292216 7320.0 55
1673927300618 7504.0 56
1673927309113 7392.0 57
1673927317506 7488.0 58
1673927325909 7312.0 59
1673927334254 7576.0 60
1673927342673 7160.0 61
1673927351050 7432.0 62
1673927360579 7488.0 63
1673927370339 6832.0 64
1673927378834 7712.0 65
1673927387208 6960.0 66
1673927395604 7096.0 67
1673927404062 6976.0 68
1673927412383 7032.0 69
1673927420765 7072.0 70
1673927429158 7320.0 71
1673927437521 6928.0 72
1673927445867 7568.0 73
1673927454233 6960.0 74
1673927462656 7016.0 75
1673927471060 7024.0 76
1673927479507 6864.0 77
1673927487872 6848.0 78
1673927496233 7584.0 79
