1674026938450 4659024.0 0
1674026949457 3399047.5 1
1674026960604 3647631.5 2
1674026969955 3383587.0 3
1674026980581 2378060.0 4
1674026991209 1668620.0 5
1674027001892 1741570.0 6
1674027010897 1763734.0 7
1674027021033 1757498.0 8
1674027031219 1756554.0 9
1674027040131 1789470.0 10
1674027048982 1739858.0 11
1674027057860 1694588.0 12
1674027066686 1659036.0 13
1674027077026 1090826.0 14
1674027087474 880388.0 15
1674027097773 856792.0 16
1674027108104 812712.0 17
1674027118443 840712.0 18
1674027127274 815240.0 19
1674027136125 828756.0 20
1674027144862 814144.0 21
1674027153559 829344.0 22
1674027162225 831924.0 23
1674027170878 828516.0 24
1674027179508 818020.0 25
1674027188188 811360.0 26
1674027199340 814276.0 27
1674027209555 829160.0 28
1674027218381 821852.0 29
1674027227082 832452.0 30
1674027235857 800340.0 31
1674027245997 813304.0 32
1674027254786 789864.0 33
1674027265065 792080.0 34
1674027273821 782132.0 35
1674027283991 824004.0 36
1674027292705 797724.0 37
1674027301424 811228.0 38
1674027310140 803204.0 39
1674027318868 804100.0 40
1674027327821 791504.0 41
1674027336594 789464.0 42
1674027345334 783944.0 43
1674027353977 805580.0 44
1674027362552 798636.0 45
1674027371109 776720.0 46
1674027382335 790660.0 47
1674027392096 775336.0 48
1674027402233 789080.0 49
1674027411000 798144.0 50
1674027419691 782288.0 51
1674027428416 793132.0 52
1674027437181 776096.0 53
1674027445923 806476.0 54
1674027454564 668112.0 55
1674027464698 142680.0 56
1674027474809 146680.0 57
1674027483582 146976.0 58
1674027492297 141848.0 59
1674027502440 137704.0 60
1674027512665 138256.0 61
1674027521318 137400.0 62
1674027531410 141488.0 63
1674027540088 136960.0 64
1674027550136 133944.0 65
1674027560212 136864.0 66
1674027568872 135576.0 67
1674027577435 136648.0 68
1674027586117 133872.0 69
1674027596226 135648.0 70
1674027604981 133752.0 71
1674027615337 126624.0 72
1674027626537 133104.0 73
1674027636148 129208.0 74
1674027644763 128600.0 75
1674027653336 130392.0 76
1674027661976 125032.0 77
1674027672015 127256.0 78
1674027680613 126184.0 79
1674027689181 127016.0 80
1674027697757 126816.0 81
1674027706342 124584.0 82
1674027716298 123632.0 83
1674027726310 121920.0 84
1674027736371 122840.0 85
1674027744896 121208.0 86
1674027754843 117848.0 87
1674027764285 121064.0 88
1674027772717 118696.0 89
1674027781144 118136.0 90
1674027789626 116536.0 91
1674027800080 117496.0 92
1674027809835 112200.0 93
1674027819275 116880.0 94
1674027827709 115048.0 95
1674027836200 113536.0 96
1674027844642 112744.0 97
1674027853046 112000.0 98
1674027862411 111720.0 99
1674027871720 109704.0 100
1674027882565 108480.0 101
1674027893033 111096.0 102
1674027901509 106896.0 103
1674027911457 106176.0 104
1674027921471 105528.0 105
1674027931453 101520.0 106
1674027941405 103144.0 107
1674027949881 100680.0 108
1674027959731 104112.0 109
1674027968125 98136.0 110
1674027978137 99152.0 111
1674027987961 100064.0 112
1674027996522 95688.0 113
1674028005834 98368.0 114
1674028014236 94448.0 115
1674028023616 95208.0 116
1674028031960 90960.0 117
1674028041337 93840.0 118
1674028049711 93112.0 119
1674028058030 90056.0 120
1674028067369 90904.0 121
1674028075755 87632.0 122
1674028086587 87144.0 123
1674028097222 86144.0 124
1674028107163 85384.0 125
1674028117204 86040.0 126
1674028125632 83216.0 127
1674028135590 83424.0 128
1674028144015 83608.0 129
1674028152451 81632.0 130
1674028162342 78528.0 131
1674028172225 78344.0 132
1674028182146 78472.0 133
1674028190585 74296.0 134
1674028200451 75320.0 135
1674028208908 75664.0 136
1674028218034 71912.0 137
1674028228912 70888.0 138
1674028238821 69624.0 139
1674028248877 68672.0 140
1674028258204 70264.0 141
1674028266524 66808.0 142
1674028275997 67352.0 143
1674028284323 68176.0 144
1674028292645 64240.0 145
1674028301946 63648.0 146
1674028311280 64992.0 147
1674028319613 65616.0 148
1674028328020 73560.0 149
