1673896083628 41458.16015625 0
1673896083660 36431.65234375 1
1673896083691 22763.0078125 2
1673896083706 31530.9296875 3
1673896083738 20849.875 4
1673896083753 28807.703125 5
1673896083786 28024.4375 6
1673896083803 19081.0625 7
1673896083827 26664.265625 8
1673896083843 26488.5625 9
1673896083871 25967.125 10
1673896083895 25962.03125 11
1673896083911 25656.5625 12
1673896083936 25485.21875 13
1673896083952 17435.8125 14
1673896083983 17374.59375 15
1673896084014 25351.21875 16
1673896084034 17399.0 17
1673896084065 25032.78125 18
1673896084085 24705.28125 19
1673896084105 24736.09375 20
1673896084135 24856.75 21
1673896084154 24748.5625 22
1673896084170 24574.3125 23
1673896084193 16882.8125 24
1673896084219 16881.0 25
1673896084243 24221.75 26
1673896084259 24492.0 27
1673896084295 16977.625 28
1673896084335 24167.0625 29
1673896084359 24231.25 30
1673896084383 24172.5625 31
1673896084391 16871.5 32
1673896084422 16672.625 33
1673896084438 16421.1875 34
1673896084469 16689.625 35
1673896084484 23914.3125 36
1673896084517 16557.0625 37
1673896084541 16661.4375 38
1673896084556 23850.5 39
1673896084572 16303.625 40
1673896084603 23865.9375 41
1673896084619 16447.4375 42
1673896084650 16519.1875 43
1673896084666 23673.0625 44
1673896084681 16751.4375 45
1673896084713 23621.375 46
1673896084728 23828.125 47
1673896084744 23939.875 48
1673896084777 16184.0 49
1673896084796 16303.375 50
1673896084813 16505.625 51
1673896084845 23577.875 52
1673896084868 23749.0 53
1673896084893 16311.75 54
1673896084912 23734.0 55
1673896084935 16085.125 56
1673896084960 16215.125 57
1673896084979 16309.125 58
1673896085001 16272.0 59
1673896085027 23374.375 60
1673896085060 16029.125 61
1673896085100 23402.875 62
1673896085127 16192.0 63
1673896085142 23460.0 64
1673896085158 16175.0 65
1673896085189 16244.875 66
1673896085205 16159.625 67
1673896085220 23513.5 68
1673896085237 23573.125 69
1673896085270 16342.875 70
1673896085278 16354.5 71
1673896085309 16068.25 72
1673896085324 23372.75 73
1673896085340 15937.5 74
1673896085371 23318.125 75
1673896085387 23588.0 76
1673896085403 23247.75 77
1673896085434 15868.75 78
1673896085449 22959.0 79
1673896085465 23171.75 80
1673896085496 15732.25 81
1673896085512 22991.625 82
1673896085543 16031.125 83
1673896085559 23045.0 84
1673896085588 15951.875 85
1673896085604 16135.25 86
1673896085621 23360.875 87
1673896085651 23313.375 88
1673896085670 23312.125 89
1673896085693 15903.625 90
1673896085704 16013.625 91
1673896085735 16156.875 92
1673896085754 15984.125 93
1673896085776 23137.875 94
1673896085787 22983.75 95
1673896085818 16025.25 96
1673896085835 23209.0 97
1673896085880 22984.125 98
1673896085904 23131.625 99
1673896085928 22947.0 100
1673896085944 16157.5 101
1673896085967 22976.75 102
1673896085984 15843.5 103
1673896085999 23069.0 104
1673896086031 15800.25 105
1673896086046 15820.75 106
