1673965300622 9366606.0 0
1673965331981 8055664.0 1
1673965361318 3686194.0 2
1673965390163 3661064.0 3
1673965418972 3770060.0 4
1673965446203 3950428.0 5
1673965472986 2916736.0 6
1673965502846 2525776.0 7
1673965532384 2564292.0 8
1673965559338 2583860.0 9
1673965586410 2689940.0 10
1673965612583 2789196.0 11
1673965639232 2774028.0 12
1673965666892 2663148.0 13
1673965695081 2752956.0 14
1673965722105 2729444.0 15
1673965748362 2653612.0 16
1673965774380 2827548.0 17
1673965800619 2159784.0 18
1673965828759 55488.0 19
1673965857788 58184.0 20
1673965885453 55696.0 21
1673965913348 58688.0 22
1673965940213 55056.0 23
1673965967744 54856.0 24
1673965996706 56496.0 25
1673966023001 56096.0 26
1673966050630 57288.0 27
1673966078790 54904.0 28
1673966105791 53824.0 29
1673966134044 55376.0 30
1673966160895 52392.0 31
1673966189259 53056.0 32
1673966215410 53464.0 33
1673966242024 54240.0 34
1673966271288 51072.0 35
1673966299942 50648.0 36
1673966328685 49472.0 37
1673966356472 45536.0 38
1673966384558 36912.0 39
1673966412590 38488.0 40
1673966441183 37120.0 41
1673966468692 36752.0 42
1673966496662 37296.0 43
1673966522839 35416.0 44
1673966551428 35376.0 45
1673966579586 35392.0 46
1673966606661 36696.0 47
1673966635444 34200.0 48
1673966664049 36464.0 49
1673966690885 35240.0 50
1673966717761 35672.0 51
1673966743671 36696.0 52
1673966769560 33544.0 53
1673966799904 36096.0 54
1673966827301 34584.0 55
1673966853670 34256.0 56
1673966880272 33496.0 57
1673966909072 32672.0 58
1673966937315 31280.0 59
1673966965293 33080.0 60
1673966993068 31448.0 61
1673967019966 32632.0 62
1673967046376 32640.0 63
1673967072937 31944.0 64
1673967098965 31968.0 65
1673967125569 31088.0 66
1673967154867 29808.0 67
1673967185212 30904.0 68
1673967211739 30992.0 69
1673967236994 29464.0 70
1673967265568 31744.0 71
1673967290750 30680.0 72
1673967318025 29824.0 73
1673967347170 31328.0 74
1673967372357 28968.0 75
1673967401695 29008.0 76
1673967428359 28672.0 77
1673967455857 29048.0 78
1673967482698 28680.0 79
1673967508886 27256.0 80
1673967539363 28688.0 81
1673967565273 27376.0 82
1673967590795 28064.0 83
1673967616856 27032.0 84
1673967644452 26992.0 85
1673967671720 26312.0 86
1673967701585 27320.0 87
1673967728729 25832.0 88
1673967756843 25696.0 89
1673967784951 25984.0 90
1673967811915 25784.0 91
1673967838760 24560.0 92
1673967867157 25840.0 93
1673967894200 25720.0 94
1673967920921 25112.0 95
1673967946712 25360.0 96
1673967973060 24576.0 97
1673967999676 26224.0 98
1673968025435 24256.0 99
1673968053804 24752.0 100
1673968082489 23816.0 101
1673968109834 23384.0 102
1673968137974 24152.0 103
1673968164536 23200.0 104
1673968192794 22728.0 105
1673968221203 23832.0 106
1673968249292 22952.0 107
1673968275952 23056.0 108
1673968301940 23752.0 109
1673968327418 23384.0 110
1673968352989 22864.0 111
1673968378615 22976.0 112
1673968405793 22440.0 113
1673968423095 22688.0 114
1673968437191 22840.0 115
1673968451053 22120.0 116
1673968465886 22864.0 117
1673968479788 21440.0 118
1673968494640 21496.0 119
1673968508544 21440.0 120
1673968523423 21432.0 121
1673968538288 21144.0 122
1673968553157 17224.0 123
1673968568052 18032.0 124
1673968583694 17400.0 125
1673968598717 17472.0 126
1673968612597 18624.0 127
1673968626501 18064.0 128
1673968640333 18432.0 129
1673968654212 17040.0 130
1673968669079 16216.0 131
1673968683935 17472.0 132
1673968698035 16848.0 133
1673968711953 16824.0 134
1673968725805 17576.0 135
1673968739650 16776.0 136
1673968753616 16824.0 137
1673968767441 16576.0 138
1673968781288 17352.0 139
1673968795119 16992.0 140
1673968808929 16848.0 141
1673968822699 17288.0 142
1673968836506 16840.0 143
1673968850628 17808.0 144
1673968864384 17688.0 145
1673968878292 17816.0 146
1673968892064 17576.0 147
1673968905839 18296.0 148
1673968919628 18904.0 149
