1673893476962 62360.48046875 0
1673893477025 49766.47265625 1
1673893477087 42552.28125 2
1673893477150 38367.96875 3
1673893477196 35870.796875 4
1673893477259 34231.03125 5
1673893477321 32644.09375 6
1673893477378 31448.6875 7
1673893477440 30324.46875 8
1673893477487 29313.5 9
1673893477549 29107.375 10
1673893477613 28699.09375 11
1673893477675 28133.53125 12
1673893477742 27678.78125 13
1673893477789 27061.25 14
1673893477851 26698.4375 15
1673893477914 26751.8125 16
1673893477961 26115.6875 17
1673893478008 26013.0 18
1673893478071 25914.9375 19
1673893478118 25906.1875 20
1673893478180 26019.25 21
1673893478227 25618.9375 22
1673893478289 25353.0 23
1673893478352 25228.625 24
1673893478399 24857.3125 25
1673893478468 24966.5625 26
1673893478515 25588.75 27
1673893478562 24648.6875 28
1673893478626 24533.1875 29
1673893478672 24435.75 30
1673893478738 24181.3125 31
1673893478786 24060.5625 32
1673893478832 24151.3125 33
1673893478895 23937.875 34
1673893478942 24434.625 35
1673893478989 23637.375 36
1673893479052 23238.75 37
1673893479099 23299.0 38
1673893479146 23115.125 39
1673893479208 23052.875 40
1673893479271 23091.875 41
1673893479318 23002.375 42
1673893479364 23098.375 43
1673893479411 22668.625 44
1673893479474 22790.625 45
1673893479521 22680.625 46
1673893479568 22532.125 47
1673893479614 22631.0 48
1673893479661 22409.0 49
1673893479724 22560.375 50
1673893479771 22410.75 51
1673893479817 22363.25 52
1673893479880 22407.125 53
1673893479927 22439.125 54
1673893479974 21957.0 55
1673893480021 22213.375 56
1673893480067 22030.0 57
1673893480125 22020.5 58
1673893480172 21922.25 59
1673893480219 21980.375 60
1673893480266 21971.375 61
1673893480313 22147.875 62
1673893480376 21723.375 63
1673893480423 21790.625 64
1673893480470 23149.75 65
1673893480516 42594.75 66
1673893480563 21508.75 67
1673893480626 21670.875 68
1673893480673 21647.5 69
1673893480719 21669.75 70
1673893480772 21561.375 71
1673893480819 21429.5 72
1673893480866 21666.875 73
1673893480913 21342.5 74
1673893480961 21633.625 75
1673893481008 21060.375 76
1673893481070 21389.75 77
1673893481117 21183.25 78
1673893481164 21012.125 79
1673893481211 21027.125 80
1673893481258 21000.75 81
1673893481320 20601.125 82
1673893481367 20558.75 83
1673893481429 20762.75 84
1673893481485 40948.25 85
1673893481532 20710.25 86
1673893481579 20400.5 87
1673893481642 20423.25 88
1673893481689 20549.25 89
1673893481736 20531.25 90
1673893481783 20609.25 91
1673893481846 20518.0 92
1673893481892 20156.75 93
1673893481939 40665.75 94
1673893481986 20280.5 95
1673893482049 20044.5 96
1673893482095 40461.75 97
1673893482158 19868.75 98
1673893482205 20202.25 99
1673893482252 19914.0 100
1673893482314 20115.5 101
1673893482361 20145.75 102
1673893482408 19812.0 103
1673893482470 20007.75 104
1673893482517 19906.75 105
1673893482564 20028.5 106
1673893482611 20023.75 107
1673893482673 19734.75 108
1673893482720 19997.5 109
1673893482767 19746.0 110
1673893482823 19896.75 111
1673893482870 20160.25 112
1673893482917 19663.5 113
1673893482979 19800.25 114
1673893483027 19744.0 115
1673893483074 19971.0 116
1673893483121 39271.75 117
1673893483168 19588.5 118
1673893483230 19505.5 119
1673893483293 19605.25 120
1673893483340 19574.25 121
1673893483386 19566.75 122
1673893483433 19480.5 123
1673893483496 19600.25 124
1673893483543 19628.25 125
1673893483589 19462.5 126
1673893483652 19504.75 127
1673893483699 19436.0 128
1673893483746 39020.5 129
1673893483793 19479.5 130
1673893483855 19444.0 131
1673893483902 19393.75 132
1673893483949 19334.0 133
1673893484017 19450.25 134
1673893484054 19536.75 135
1673893484116 19425.0 136
1673893484163 19171.75 137
1673893484210 38629.75 138
1673893484272 19146.5 139
1673893484319 38550.75 140
1673893484366 38389.75 141
1673893484414 19091.0 142
1673893484480 19007.5 143
1673893484527 19434.0 144
1673893484574 19042.5 145
1673893484637 19208.0 146
1673893484685 19044.0 147
1673893484731 19017.75 148
1673893484778 19027.25 149
