1673932568869 4686552.0 0
1673932576490 3700787.0 1
1673932584124 4271253.0 2
1673932590708 3849997.0 3
1673932597204 1703031.0 4
1673932604896 1586486.0 5
1673932612587 1682940.0 6
1673932619137 1746614.0 7
1673932625637 1818412.0 8
1673932632083 1854714.0 9
1673932639294 1832822.0 10
1673932646676 1758844.0 11
1673932653137 1909602.0 12
1673932659644 1488986.0 13
1673932667329 929500.0 14
1673932675003 935980.0 15
1673932681461 954872.0 16
1673932687891 963196.0 17
1673932694545 964584.0 18
1673932700908 957780.0 19
1673932707380 992788.0 20
1673932713729 1011696.0 21
1673932720118 1030096.0 22
1673932726494 1024876.0 23
1673932732926 1076192.0 24
1673932739300 1026860.0 25
1673932745751 1061256.0 26
1673932752170 1023456.0 27
1673932759455 1009020.0 28
1673932766762 1054712.0 29
1673932773261 1033556.0 30
1673932779666 1046072.0 31
1673932786058 1058884.0 32
1673932792523 1027016.0 33
1673932798932 1030368.0 34
1673932805341 1062252.0 35
1673932811724 994368.0 36
1673932818172 967876.0 37
1673932824579 1020280.0 38
1673932830964 995088.0 39
