1673915389688 4808156.5 0
1673915397438 3667736.5 1
1673915405193 4513624.0 2
1673915411784 3974543.0 3
1673915418397 1531176.0 4
1673915426054 1480352.0 5
1673915433710 1512244.0 6
1673915440192 1579196.0 7
1673915446726 1589408.0 8
1673915453186 1620146.0 9
1673915459717 1766294.0 10
1673915466140 1721658.0 11
1673915472523 1709350.0 12
1673915479804 1773526.0 13
1673915487186 985314.0 14
1673915494841 838060.0 15
1673915502420 816236.0 16
1673915510044 856864.0 17
1673915516566 857676.0 18
1673915523072 834912.0 19
1673915529456 850184.0 20
1673915535853 844172.0 21
1673915542219 828812.0 22
1673915548596 882616.0 23
1673915554939 856860.0 24
1673915561312 837520.0 25
1673915567713 869092.0 26
1673915574108 868288.0 27
1673915580502 854568.0 28
1673915586921 852076.0 29
1673915593341 866400.0 30
1673915600605 912996.0 31
1673915607775 932676.0 32
1673915614137 932216.0 33
1673915620553 928864.0 34
1673915626913 944616.0 35
1673915633268 952708.0 36
1673915639628 918320.0 37
1673915645966 936280.0 38
1673915652322 968992.0 39
1673915658635 954128.0 40
1673915664993 927340.0 41
