1673893176678 40986.37890625 0
1673893176724 35502.01171875 1
1673893176771 33298.5546875 2
1673893176834 63674.4453125 3
1673893176881 59704.71875 4
1673893176912 56393.484375 5
1673893176959 53874.75 6
1673893177006 51977.625 7
1673893177053 26003.75 8
1673893177099 48088.28125 9
1673893177146 24177.78125 10
1673893177193 23219.28125 11
1673893177240 22761.375 12
1673893177301 22255.9375 13
1673893177348 21936.1875 14
1673893177395 22021.375 15
1673893177442 21557.875 16
1673893177489 20897.25 17
1673893177536 41640.3125 18
1673893177584 20531.25 19
1673893177630 20397.625 20
1673893177677 20123.3125 21
1673893177724 39559.0 22
1673893177771 19652.25 23
1673893177818 19570.1875 24
1673893177865 19386.375 25
1673893177931 38056.0 26
1673893177963 38318.75 27
1673893178009 18868.125 28
1673893178056 18562.125 29
1673893178104 18504.8125 30
1673893178151 37256.625 31
1673893178198 36860.5625 32
1673893178229 18143.75 33
1673893178292 36406.75 34
1673893178323 17928.0 35
1673893178370 17937.25 36
1673893178416 17676.875 37
1673893178463 35464.25 38
1673893178510 35438.25 39
1673893178557 18207.625 40
1673893178588 17557.5 41
1673893178635 34676.25 42
1673893178682 17369.5 43
1673893178729 34402.0 44
1673893178776 17240.5 45
1673893178823 34218.625 46
1673893178870 17027.625 47
1673893178916 33828.75 48
1673893178948 17082.875 49
1673893178994 16802.0 50
1673893179041 33399.875 51
1673893179088 33596.25 52
1673893179119 16701.0 53
1673893179182 16882.125 54
1673893179213 32957.25 55
1673893179260 16764.25 56
1673893179307 16327.875 57
1673893179338 33030.875 58
1673893179385 32900.625 59
1673893179432 32624.0 60
1673893179463 32556.75 61
1673893179519 32660.75 62
1673893179551 32322.0 63
1673893179597 32234.625 64
1673893179644 32227.375 65
1673893179675 16100.125 66
1673893179723 32058.125 67
1673893179770 15994.125 68
1673893179833 31951.875 69
1673893179864 31839.0 70
1673893179911 15821.375 71
1673893179958 31327.25 72
1673893180004 15309.25 73
1673893180051 30185.25 74
1673893180098 15169.75 75
1673893180161 30272.5 76
1673893180192 29939.75 77
1673893180239 14845.75 78
1673893180301 29993.75 79
1673893180332 29800.0 80
1673893180379 29708.0 81
1673893180426 14873.25 82
1673893180473 29346.0 83
1673893180520 29508.0 84
1673893180567 29413.75 85
1673893180614 29166.5 86
1673893180661 29058.75 87
1673893180707 14821.0 88
1673893180754 14697.0 89
1673893180817 29230.75 90
1673893180848 29082.5 91
1673893180895 29238.25 92
1673893180942 14493.5 93
1673893181004 28945.5 94
1673893181035 14427.5 95
1673893181098 28706.25 96
1673893181145 28720.75 97
1673893181176 28883.25 98
1673893181223 28872.75 99
1673893181270 28741.5 100
1673893181317 28529.25 101
1673893181364 28749.25 102
1673893181395 14204.5 103
1673893181457 28463.25 104
1673893181504 28447.5 105
1673893181535 14068.25 106
1673893181598 28170.5 107
1673893181629 14065.0 108
1673893181676 14031.75 109
1673893181738 14257.25 110
1673893181785 28234.25 111
1673893181832 14105.0 112
1673893181879 27707.75 113
1673893181910 13962.5 114
1673893181973 14365.0 115
1673893182020 27599.5 116
1673893182051 27840.5 117
1673893182098 27638.25 118
1673893182145 13827.0 119
1673893182203 27683.0 120
1673893182234 27575.0 121
1673893182281 13588.5 122
1673893182328 27937.75 123
1673893182375 13913.75 124
1673893182422 13710.75 125
1673893182469 27316.0 126
1673893182516 13809.0 127
1673893182563 13840.25 128
1673893182610 27430.0 129
1673893182641 27235.75 130
1673893182688 27345.25 131
1673893182735 13779.75 132
1673893182781 27313.25 133
1673893182828 13728.5 134
1673893182875 13585.25 135
1673893182922 27230.75 136
1673893182969 26842.5 137
1673893183016 13807.0 138
1673893183063 26815.5 139
1673893183110 26882.25 140
1673893183156 26968.75 141
1673893183203 27001.0 142
1673893183234 13447.25 143
1673893183290 26943.25 144
1673893183337 13460.25 145
1673893183384 26902.0 146
1673893183415 26718.0 147
1673893183462 26613.25 148
1673893183509 26570.75 149
