1673893084133 175315.1875 0
1673893084211 132105.875 1
1673893084262 59212.5 2
1673893084325 55289.90625 3
1673893084387 105898.28125 4
1673893084456 100108.9375 5
1673893084518 98583.6875 6
1673893084565 47774.0 7
1673893084628 47315.0 8
1673893084685 93061.0 9
1673893084748 45882.125 10
1673893084811 45733.5 11
1673893084874 45733.875 12
1673893084921 46522.0 13
1673893084984 46198.0 14
1673893085047 91557.5 15
1673893085109 45579.375 16
1673893085172 45015.25 17
1673893085234 44535.875 18
1673893085281 44586.5 19
1673893085343 44476.75 20
1673893085406 88182.625 21
1673893085453 44311.125 22
1673893085515 43939.625 23
1673893085578 44109.875 24
1673893085625 88191.0 25
1673893085687 87866.375 26
1673893085750 87816.0 27
1673893085809 43613.125 28
1673893085872 44013.625 29
1673893085934 85097.25 30
1673893085982 39918.0 31
1673893086045 79152.5 32
1673893086107 39809.25 33
1673893086170 78889.25 34
1673893086216 39621.0 35
1673893086279 79028.5 36
1673893086341 78934.0 37
1673893086388 39507.75 38
1673893086451 39613.75 39
1673893086513 78751.75 40
1673893086576 78580.25 41
1673893086638 78628.5 42
1673893086701 78609.25 43
1673893086763 78087.0 44
1673893086826 78079.75 45
1673893086888 78665.25 46
1673893086951 39469.25 47
1673893087029 78679.25 48
1673893087091 78344.25 49
1673893087154 78525.25 50
1673893087216 39531.5 51
1673893087279 39360.5 52
1673893087357 78125.5 53
1673893087415 77621.75 54
1673893087478 39219.0 55
1673893087540 39179.0 56
1673893087603 38962.25 57
1673893087681 78451.25 58
1673893087744 38957.5 59
1673893087806 39129.5 60
1673893087869 39323.0 61
1673893087931 39092.5 62
1673893087994 77737.75 63
1673893088056 39266.5 64
1673893088118 75481.5 65
1673893088181 36299.5 66
1673893088259 73530.5 67
1673893088322 73613.0 68
1673893088384 73649.5 69
1673893088447 36740.5 70
1673893088509 36948.5 71
1673893088571 36429.0 72
1673893088634 73272.5 73
1673893088696 73125.5 74
1673893088768 36790.0 75
1673893088830 36603.0 76
1673893088893 73593.5 77
1673893088955 36735.0 78
1673893089019 36466.5 79
1673893089081 36461.0 80
1673893089128 36565.0 81
1673893089191 36548.0 82
1673893089269 73156.5 83
1673893089331 36345.5 84
1673893089378 35951.0 85
1673893089457 72992.0 86
1673893089520 72513.0 87
1673893089582 72685.5 88
1673893089645 36320.5 89
1673893089707 72464.5 90
1673893089769 72514.0 91
1673893089832 36245.0 92
1673893089910 36208.5 93
1673893089973 36250.0 94
1673893090035 36384.0 95
1673893090098 71896.5 96
1673893090153 36142.5 97
1673893090216 72249.0 98
1673893090294 72367.5 99
1673893090357 71928.0 100
1673893090420 36055.0 101
1673893090482 71558.0 102
1673893090545 35942.0 103
1673893090607 35837.5 104
1673893090670 35753.5 105
1673893090732 71693.5 106
1673893090795 35789.0 107
1673893090857 35647.0 108
1673893090935 35753.5 109
1673893090982 35606.5 110
1673893091060 35821.0 111
1673893091123 71032.5 112
1673893091185 35377.0 113
1673893091248 71027.5 114
1673893091310 35682.5 115
1673893091373 35619.5 116
1673893091435 35528.5 117
1673893091499 70465.0 118
1673893091561 70592.5 119
1673893091624 70456.5 120
1673893091686 70361.5 121
1673893091754 35015.0 122
1673893091833 35024.0 123
1673893091895 34946.5 124
1673893091958 35139.0 125
1673893092021 69809.0 126
1673893092083 34834.5 127
1673893092146 34882.0 128
1673893092208 69738.0 129
1673893092271 69377.0 130
1673893092333 69321.0 131
1673893092396 34594.5 132
1673893092474 34854.5 133
1673893092521 34584.0 134
1673893092599 68892.5 135
1673893092661 34411.0 136
1673893092724 68928.0 137
1673893092786 68642.5 138
1673893092858 68653.5 139
1673893092921 68755.0 140
1673893092983 34312.0 141
1673893093046 34123.0 142
1673893093109 34062.0 143
1673893093172 34156.5 144
1673893093234 68144.0 145
1673893093297 68020.0 146
1673893093359 31596.0 147
1673893093422 56865.0 148
1673893093500 57382.0 149
