1674110074704 6550562.5 0
1674110084317 5981417.5 1
1674110093892 4711664.0 2
1674110103501 2290352.0 3
1674110113051 2254032.0 4
1674110122667 2208922.0 5
1674110132188 2171934.0 6
1674110141916 2186580.0 7
1674110150639 2139866.0 8
1674110160119 2126860.0 9
1674110169586 1876826.0 10
1674110179053 1654284.0 11
1674110188492 1678844.0 12
1674110197002 1645100.0 13
1674110206433 1623036.0 14
1674110215848 1593676.0 15
1674110225221 1572664.0 16
1674110234588 1576448.0 17
1674110243044 1539160.0 18
1674110252414 1517672.0 19
1674110261775 1488112.0 20
1674110271145 1460384.0 21
1674110280558 1455740.0 22
1674110289851 1434960.0 23
1674110299307 1416208.0 24
1674110308642 1407900.0 25
1674110317978 1388228.0 26
1674110327316 1360844.0 27
1674110336612 1356848.0 28
1674110345939 1309156.0 29
1674110355174 1307448.0 30
1674110364530 1291760.0 31
1674110373812 1284584.0 32
1674110383089 318424.0 33
1674110392347 88432.0 34
1674110402052 91336.0 35
1674110410434 89432.0 36
1674110418763 88656.0 37
1674110427084 89592.0 38
1674110435365 89744.0 39
1674110443669 86584.0 40
1674110452847 88472.0 41
1674110461151 88056.0 42
1674110469444 90096.0 43
1674110477768 91208.0 44
1674110486069 89632.0 45
1674110494330 89976.0 46
1674110502587 89976.0 47
1674110510879 88672.0 48
1674110519183 90680.0 49
1674110527444 90264.0 50
1674110535665 89616.0 51
1674110543936 92176.0 52
1674110552165 92416.0 53
1674110560392 89696.0 54
1674110568609 89560.0 55
1674110576864 90808.0 56
1674110585223 88904.0 57
1674110593443 90888.0 58
1674110601642 89160.0 59
1674110609862 91376.0 60
1674110618071 90072.0 61
1674110626298 91080.0 62
1674110634507 90184.0 63
1674110642761 90264.0 64
1674110650930 90840.0 65
