1673896088498 58480.6640625 0
1673896088514 32613.078125 1
1673896088545 44609.3515625 2
1673896088576 29434.15625 3
1673896088606 41883.578125 4
1673896088630 41031.578125 5
1673896088654 40147.3125 6
1673896088678 27222.5625 7
1673896088703 38810.5 8
1673896088738 38522.65625 9
1673896088762 26286.5 10
1673896088786 37886.71875 11
1673896088810 37399.5 12
1673896088834 25686.0 13
1673896088866 37037.59375 14
1673896088890 36715.9375 15
1673896088920 36565.6875 16
1673896088947 36595.75 17
1673896088971 36220.6875 18
1673896088997 24930.875 19
1673896089028 36059.1875 20
1673896089054 35998.9375 21
1673896089078 35906.0625 22
1673896089097 24545.875 23
1673896089130 35707.5 24
1673896089154 35672.375 25
1673896089196 35422.5625 26
1673896089220 35364.9375 27
1673896089252 24372.375 28
1673896089280 35372.875 29
1673896089297 24245.25 30
1673896089330 35114.0 31
1673896089350 35094.25 32
1673896089380 35174.375 33
1673896089404 34931.75 34
1673896089419 34861.0 35
1673896089451 24058.25 36
1673896089482 34869.25 37
1673896089497 24025.125 38
1673896089529 23895.75 39
1673896089564 34723.875 40
1673896089588 34774.875 41
1673896089612 34646.25 42
1673896089636 34495.75 43
1673896089667 34826.5 44
1673896089683 23816.5 45
1673896089714 34464.125 46
1673896089745 34479.625 47
1673896089776 34333.125 48
1673896089800 34484.375 49
1673896089829 23671.5 50
1673896089862 34432.375 51
1673896089879 23651.0 52
1673896089912 34323.375 53
1673896089945 34139.5 54
1673896089976 23616.125 55
1673896090009 34080.375 56
1673896090029 33987.25 57
1673896090062 33964.5 58
1673896090093 33957.5 59
1673896090117 23379.625 60
1673896090141 33769.75 61
1673896090173 33995.0 62
1673896090198 33660.25 63
1673896090212 33792.75 64
1673896090242 33677.5 65
1673896090259 33538.5 66
1673896090299 23274.0 67
1673896090328 33612.25 68
1673896090348 33570.5 69
1673896090364 33572.75 70
1673896090397 33448.25 71
1673896090425 33417.25 72
1673896090443 33345.5 73
1673896090475 33401.75 74
1673896090491 33375.75 75
1673896090522 33393.0 76
1673896090537 33270.5 77
1673896090577 33429.25 78
1673896090601 33365.25 79
1673896090629 33321.5 80
1673896090659 33171.25 81
1673896090683 33297.5 82
1673896090707 33158.0 83
1673896090726 33229.25 84
1673896090757 33339.25 85
1673896090773 22996.75 86
1673896090804 22814.5 87
1673896090837 22845.75 88
1673896090859 22733.0 89
1673896090891 32923.0 90
1673896090907 33003.75 91
1673896090938 22744.5 92
1673896090954 22787.25 93
1673896090985 22916.25 94
1673896091016 32869.5 95
1673896091042 32907.0 96
1673896091066 33023.0 97
1673896091090 33167.25 98
1673896091121 22764.5 99
1673896091137 22638.75 100
1673896091168 22636.5 101
1673896091184 22469.25 102
1673896091215 32704.0 103
1673896091251 32758.75 104
1673896091276 22499.5 105
1673896091300 32621.0 106
1673896091316 32627.25 107
1673896091347 32573.0 108
1673896091363 32453.0 109
1673896091394 22512.0 110
1673896091410 32599.75 111
1673896091441 22421.75 112
1673896091475 22426.5 113
1673896091493 32401.5 114
1673896091524 32481.5 115
1673896091539 32423.75 116
1673896091571 32494.75 117
1673896091602 32483.5 118
1673896091618 32431.75 119
1673896091649 22338.25 120
1673896091664 32517.0 121
1673896091701 22252.5 122
1673896091725 32410.25 123
1673896091741 32340.75 124
1673896091772 22112.25 125
1673896091803 32136.5 126
1673896091819 32259.5 127
1673896091850 32238.5 128
1673896091866 22209.25 129
1673896091899 32059.75 130
1673896091922 31917.25 131
1673896091954 31349.0 132
1673896091977 29471.5 133
1673896091993 20432.5 134
1673896092024 20361.5 135
1673896092055 29511.0 136
1673896092071 29279.0 137
1673896092104 20422.0 138
1673896092123 29361.0 139
1673896092154 20223.5 140
1673896092178 20349.5 141
1673896092204 29329.0 142
1673896092235 29488.5 143
1673896092251 29238.0 144
1673896092282 20425.0 145
1673896092306 29374.5 146
1673896092330 29560.0 147
1673896092362 29425.0 148
1673896092382 29264.0 149
