1674042206028 6678451.5 0
1674042224409 5724753.5 1
1674042242591 4683981.0 2
1674042260663 1968798.0 3
1674042278253 2012698.0 4
1674042294259 1983052.0 5
1674042310189 1991104.0 6
1674042326177 1958558.0 7
1674042343593 1975324.0 8
1674042359404 1932820.0 9
1674042377218 1916788.0 10
1674042396220 1614828.0 11
1674042413555 1432280.0 12
1674042430710 1396776.0 13
1674042447703 1477704.0 14
1674042463260 1459900.0 15
1674042478889 1472972.0 16
1674042494302 1438520.0 17
1674042509611 1472672.0 18
1674042524973 1408352.0 19
1674042540330 1405500.0 20
1674042555667 1393720.0 21
1674042572656 1373836.0 22
1674042589633 1326236.0 23
1674042606534 1342020.0 24
1674042623484 1307040.0 25
1674042641119 1299364.0 26
1674042658058 1285732.0 27
1674042674950 1252592.0 28
1674042691675 1201580.0 29
1674042708445 1206148.0 30
1674042723696 1168116.0 31
1674042740463 1165648.0 32
1674042757368 1116216.0 33
1674042774103 1113568.0 34
1674042790990 1110840.0 35
1674042810272 1045304.0 36
1674042827165 85976.0 37
1674042844275 85288.0 38
1674042861010 83696.0 39
1674042877686 82896.0 40
1674042894478 84464.0 41
1674042909724 81960.0 42
1674042926425 83344.0 43
1674042941747 84160.0 44
1674042956992 83568.0 45
1674042972179 83200.0 46
1674042989787 81872.0 47
1674043006598 81104.0 48
1674043023457 83080.0 49
1674043038634 82544.0 50
1674043053646 79112.0 51
1674043070051 78416.0 52
1674043085911 78840.0 53
1674043100813 79312.0 54
1674043115739 76632.0 55
1674043131595 77696.0 56
1674043146449 78248.0 57
1674043161258 76304.0 58
1674043177018 76016.0 59
1674043194912 74256.0 60
1674043211850 76808.0 61
1674043229348 75184.0 62
1674043244729 75760.0 63
1674043259687 76080.0 64
1674043274599 74544.0 65
1674043289599 72832.0 66
1674043306086 73944.0 67
1674043321371 74280.0 68
1674043336831 69160.0 69
1674043353229 70368.0 70
1674043368205 71488.0 71
1674043383154 70920.0 72
1674043398936 67568.0 73
1674043416558 68600.0 74
1674043431936 70384.0 75
1674043447060 68544.0 76
1674043461962 65960.0 77
1674043478429 68216.0 78
1674043493477 65856.0 79
1674043510010 65984.0 80
1674043524931 64976.0 81
1674043541375 63800.0 82
1674043557730 64504.0 83
1674043572805 65960.0 84
1674043589992 62608.0 85
1674043606250 64120.0 86
1674043621163 62960.0 87
1674043636099 61728.0 88
1674043655223 59928.0 89
1674043683818 60712.0 90
1674043708385 59208.0 91
1674043737767 58976.0 92
1674043763972 60048.0 93
1674043791305 58392.0 94
1674043819291 57696.0 95
1674043848935 58792.0 96
1674043875118 58112.0 97
1674043902650 55304.0 98
1674043929248 57016.0 99
1674043954617 52688.0 100
1674043982591 55416.0 101
1674044009252 53584.0 102
1674044036689 51928.0 103
1674044064289 51048.0 104
1674044093872 50360.0 105
1674044123063 52152.0 106
1674044150025 51480.0 107
1674044177351 49312.0 108
1674044208384 49896.0 109
1674044235839 49520.0 110
1674044263008 48120.0 111
1674044292292 47176.0 112
1674044320457 47056.0 113
1674044349501 47496.0 114
1674044375179 45160.0 115
1674044404412 45256.0 116
1674044433058 46824.0 117
1674044461165 45024.0 118
1674044490527 42424.0 119
1674044519255 42976.0 120
1674044546562 41928.0 121
1674044574980 39992.0 122
1674044604518 40248.0 123
1674044632237 41032.0 124
1674044659211 38144.0 125
1674044688491 38968.0 126
1674044714161 38176.0 127
1674044741055 36536.0 128
1674044770285 34800.0 129
1674044801550 36440.0 130
1674044827212 34584.0 131
1674044856014 32632.0 132
1674044885288 32528.0 133
1674044914582 32584.0 134
1674044940041 31848.0 135
1674044969741 29248.0 136
1674044998762 29288.0 137
1674045025070 28064.0 138
1674045055077 28248.0 139
1674045082464 26392.0 140
1674045109801 26208.0 141
1674045138956 24264.0 142
1674045168251 23488.0 143
1674045197312 23128.0 144
1674045225445 21776.0 145
1674045256873 21976.0 146
1674045282012 20672.0 147
1674045310790 21240.0 148
1674045336245 27736.0 149
