1673893218010 112509.75 0
1673893218057 35664.515625 1
1673893218104 33237.8125 2
1673893218166 31176.828125 3
1673893218213 29383.46875 4
1673893218260 27926.1875 5
1673893218307 53562.78125 6
1673893218353 51527.5 7
1673893218400 24924.40625 8
1673893218447 48216.03125 9
1673893218478 47167.34375 10
1673893218525 23009.5 11
1673893218572 22532.0625 12
1673893218635 22179.75 13
1673893218687 43868.75 14
1673893218734 43390.4375 15
1673893218781 21291.1875 16
1673893218828 20720.0625 17
1673893218875 20664.6875 18
1673893218922 20388.375 19
1673893218969 40136.1875 20
1673893219016 19806.6875 21
1673893219063 39140.25 22
1673893219110 38975.0625 23
1673893219141 38566.625 24
1673893219188 19599.3125 25
1673893219246 37841.0 26
1673893219277 19057.3125 27
1673893219340 18842.375 28
1673893219387 37321.875 29
1673893219419 36618.0 30
1673893219466 18230.5 31
1673893219513 17981.625 32
1673893219559 18027.25 33
1673893219611 36234.375 34
1673893219642 35675.875 35
1673893219689 17898.375 36
1673893219736 17547.25 37
1673893219783 35383.375 38
1673893219820 35186.5 39
1673893219867 17332.375 40
1673893219914 34640.0 41
1673893219961 17248.75 42
1673893220008 17208.875 43
1673893220055 17236.125 44
1673893220101 34030.625 45
1673893220148 16869.75 46
1673893220180 17393.5 47
1673893220226 33534.75 48
1673893220273 17026.125 49
1673893220320 16788.375 50
1673893220367 33305.625 51
1673893220398 32832.125 52
1673893220445 32819.75 53
1673893220476 33134.25 54
1673893220523 16451.375 55
1673893220570 16537.75 56
1673893220617 16513.125 57
1673893220648 32225.875 58
1673893220695 16334.375 59
1673893220742 16291.375 60
1673893220789 16052.75 61
1673893220836 32382.375 62
1673893220883 31995.875 63
1673893220914 16013.875 64
1673893220961 15844.125 65
1673893221007 15944.25 66
1673893221054 15836.375 67
1673893221101 31866.75 68
1673893221148 15821.375 69
1673893221195 31432.625 70
1673893221242 31190.625 71
1673893221273 15567.75 72
1673893221320 31254.625 73
1673893221367 14897.0 74
1673893221414 15027.5 75
1673893221461 29910.75 76
1673893221507 29947.0 77
1673893221554 14745.5 78
1673893221601 29755.75 79
1673893221648 29571.5 80
1673893221695 14598.25 81
1673893221742 29490.25 82
1673893221785 29378.75 83
1673893221832 14698.25 84
1673893221878 29292.25 85
1673893221925 14472.75 86
1673893221988 28930.0 87
1673893222020 14632.75 88
1673893222067 14466.0 89
1673893222114 14437.5 90
1673893222176 28932.5 91
1673893222223 14583.0 92
1673893222270 14386.0 93
1673893222317 14534.25 94
1673893222364 14396.75 95
1673893222410 14675.25 96
1673893222442 28397.25 97
1673893222489 28702.75 98
1673893222535 14259.25 99
1673893222582 28528.0 100
1673893222629 28576.25 101
1673893222676 28633.75 102
1673893222723 14069.25 103
1673893222770 28311.5 104
1673893222832 28444.0 105
1673893222863 28063.5 106
1673893222910 28005.5 107
1673893222957 28067.5 108
1673893223004 13917.75 109
1673893223051 14186.5 110
1673893223098 14006.5 111
1673893223145 13921.5 112
1673893223192 27806.0 113
1673893223238 27886.5 114
1673893223270 27881.5 115
1673893223316 27461.0 116
1673893223363 27889.25 117
1673893223410 13631.25 118
1673893223457 27707.0 119
1673893223504 27646.0 120
1673893223551 13586.25 121
1673893223598 27479.0 122
1673893223645 13818.25 123
1673893223691 27598.0 124
1673893223738 27210.75 125
1673893223785 27261.75 126
1673893223832 13764.25 127
1673893223879 13558.25 128
1673893223926 27266.75 129
1673893223973 13496.0 130
1673893224035 27145.5 131
1673893224066 13787.25 132
1673893224113 13741.25 133
1673893224160 13681.25 134
1673893224207 26820.25 135
1673893224254 27048.75 136
1673893224301 27069.75 137
1673893224348 13403.0 138
1673893224396 13507.5 139
1673893224442 13360.0 140
1673893224489 13392.25 141
1673893224536 26914.75 142
1673893224583 13396.25 143
1673893224630 26808.25 144
1673893224677 26728.0 145
1673893224724 26646.0 146
1673893224770 26691.5 147
1673893224818 13258.25 148
1673893224865 26780.25 149
