1673893358873 127424.578125 0
1673893358921 95241.46875 1
1673893358968 81732.171875 2
1673893359014 74345.5 3
1673893359061 34118.53125 4
1673893359108 32653.0625 5
1673893359155 31430.25 6
1673893359202 30516.4375 7
1673893359249 59022.125 8
1673893359280 57001.75 9
1673893359327 56062.0 10
1673893359374 26704.3125 11
1673893359421 26587.375 12
1673893359467 25835.375 13
1673893359530 51304.125 14
1673893359564 25218.9375 15
1673893359610 24583.4375 16
1673893359657 24350.625 17
1673893359704 48702.5625 18
1673893359752 23832.4375 19
1673893359799 47549.625 20
1673893359846 47216.4375 21
1673893359877 23205.0 22
1673893359924 23199.375 23
1673893359986 45896.5 24
1673893360018 45654.25 25
1673893360069 22734.625 26
1673893360116 22513.25 27
1673893360163 45439.125 28
1673893360210 45227.375 29
1673893360241 44935.875 30
1673893360288 22436.5 31
1673893360334 44817.125 32
1673893360381 22333.25 33
1673893360428 22702.25 34
1673893360459 22132.0 35
1673893360522 22178.375 36
1673893360553 44424.625 37
1673893360600 22107.125 38
1673893360647 21972.5 39
1673893360694 21946.625 40
1673893360741 43443.25 41
1673893360787 43613.5 42
1673893360819 43463.0 43
1673893360866 43422.875 44
1673893360912 21677.375 45
1673893360959 43372.25 46
1673893360991 21576.625 47
1673893361053 21718.375 48
1673893361084 21613.875 49
1673893361131 21399.375 50
1673893361178 21296.375 51
1673893361225 42882.625 52
1673893361256 42701.5 53
1673893361303 21240.75 54
1673893361350 20565.125 55
1673893361397 40909.75 56
1673893361444 41237.5 57
1673893361486 40964.75 58
1673893361533 20502.75 59
1673893361580 20146.0 60
1673893361626 40602.5 61
1673893361659 20446.5 62
1673893361705 41115.0 63
1673893361752 20779.75 64
1673893361799 40633.75 65
1673893361830 40523.25 66
1673893361877 20176.5 67
1673893361924 20333.75 68
1673893361971 20173.0 69
1673893362018 40515.25 70
1673893362065 40228.0 71
1673893362112 20357.0 72
1673893362158 20134.5 73
1673893362205 40382.5 74
1673893362252 40434.0 75
1673893362299 40269.0 76
1673893362346 19983.0 77
1673893362397 20104.75 78
1673893362444 40078.75 79
1673893362491 20259.75 80
1673893362537 20120.25 81
1673893362584 39713.75 82
1673893362616 20034.5 83
1673893362679 40196.75 84
1673893362710 39933.75 85
1673893362757 39744.0 86
1673893362808 20121.5 87
1673893362854 19948.25 88
1673893362901 20068.0 89
1673893362948 20046.5 90
1673893362995 20007.0 91
1673893363043 20090.75 92
1673893363090 19921.75 93
1673893363137 20227.5 94
1673893363183 39674.0 95
1673893363230 19942.25 96
1673893363277 20013.0 97
1673893363324 19939.25 98
1673893363371 19732.25 99
1673893363418 19670.25 100
1673893363465 39118.75 101
1673893363511 19722.5 102
1673893363558 19958.75 103
1673893363605 19982.75 104
1673893363652 39449.25 105
1673893363699 39591.0 106
1673893363746 39177.5 107
1673893363793 39582.75 108
1673893363839 39193.0 109
1673893363886 39183.25 110
1673893363933 19834.0 111
1673893363964 38957.0 112
1673893364011 39195.25 113
1673893364058 39005.5 114
1673893364105 39311.25 115
1673893364152 19650.0 116
1673893364208 19585.0 117
1673893364255 39189.0 118
1673893364302 38699.5 119
1673893364349 19204.5 120
1673893364396 19634.75 121
1673893364443 19476.25 122
1673893364490 19624.75 123
1673893364537 38770.5 124
1673893364584 38830.5 125
1673893364615 38197.5 126
1673893364662 35577.5 127
1673893364709 35427.0 128
1673893364756 17926.5 129
1673893364818 17929.5 130
1673893364865 35357.0 131
1673893364896 18053.0 132
1673893364943 35560.0 133
1673893364990 35279.5 134
1673893365037 17731.5 135
1673893365099 35457.5 136
1673893365131 17782.0 137
1673893365177 17516.5 138
1673893365240 17513.5 139
1673893365284 35335.0 140
1673893365331 17950.0 141
1673893365378 17626.5 142
1673893365425 17644.5 143
1673893365472 17626.0 144
1673893365519 17373.5 145
1673893365570 34903.0 146
1673893365617 17551.5 147
1673893365664 35386.5 148
1673893365711 35226.5 149
