1674049336553 4589381.5 0
1674049344502 3525707.5 1
1674049352445 3844429.0 2
1674049359278 3914409.0 3
1674049366121 2004313.0 4
1674049375488 1468592.0 5
1674049383433 1523012.0 6
1674049390230 1537398.0 7
1674049397068 1581920.0 8
1674049403915 1593794.0 9
1674049410807 1581070.0 10
1674049417607 1651166.0 11
1674049424432 1625750.0 12
1674049431273 1560794.0 13
1674049438025 1567328.0 14
1674049444849 702904.0 15
1674049452727 685876.0 16
1674049460678 705652.0 17
1674049467501 680332.0 18
1674049475325 735384.0 19
1674049482117 719920.0 20
1674049488944 745860.0 21
1674049495731 746716.0 22
1674049502490 727352.0 23
1674049509224 754072.0 24
1674049516024 749724.0 25
1674049522984 755776.0 26
1674049529726 760476.0 27
1674049536500 732588.0 28
1674049543185 729760.0 29
1674049549908 728452.0 30
1674049556633 771196.0 31
1674049563424 756772.0 32
1674049570172 735388.0 33
1674049576926 737504.0 34
1674049583659 705836.0 35
1674049590323 716832.0 36
1674049597020 731560.0 37
1674049603720 713980.0 38
1674049610416 727176.0 39
1674049617138 711380.0 40
1674049623897 696868.0 41
1674049630582 748564.0 42
1674049637342 709268.0 43
