1674034636668 4502003.0 0
1674034644612 3480124.5 1
1674034653050 4017345.5 2
1674034661019 3891319.0 3
1674034668661 2019636.0 4
1674034676926 1471590.0 5
1674034684917 1519632.0 6
1674034692080 1582930.0 7
1674034699061 1590622.0 8
1674034705981 1585212.0 9
1674034715661 1569664.0 10
1674034726315 1564014.0 11
1674034737074 1568466.0 12
1674034748398 1543712.0 13
1674034759247 1555662.0 14
1674034769412 736872.0 15
1674034781823 693592.0 16
1674034794736 695556.0 17
1674034806230 684756.0 18
1674034819543 746252.0 19
1674034831407 715944.0 20
1674034842797 744680.0 21
1674034854001 743588.0 22
1674034865034 728228.0 23
1674034875799 730368.0 24
1674034886532 791112.0 25
1674034896760 684256.0 26
1674034909025 758984.0 27
1674034919331 743368.0 28
1674034930273 758184.0 29
1674034940396 738840.0 30
1674034951372 730056.0 31
1674034961557 736796.0 32
1674034972643 727944.0 33
1674034983420 720060.0 34
1674034993555 727756.0 35
1674035005400 723416.0 36
1674035017112 720660.0 37
1674035028755 738320.0 38
1674035039540 716220.0 39
1674035050451 702068.0 40
1674035061246 723248.0 41
1674035071940 685108.0 42
1674035082712 700656.0 43
1674035093556 701376.0 44
1674035103766 667872.0 45
1674035116900 688780.0 46
1674035128012 697908.0 47
1674035138898 662984.0 48
1674035151179 663172.0 49
1674035161894 652632.0 50
1674035174473 670992.0 51
1674035185616 691588.0 52
1674035197160 651112.0 53
1674035210699 690780.0 54
1674035221663 637712.0 55
1674035234220 646960.0 56
1674035244618 636732.0 57
1674035257058 632560.0 58
1674035269281 665744.0 59
1674035280012 648544.0 60
1674035290628 640548.0 61
1674035301253 620364.0 62
1674035313522 88908.0 63
1674035325765 64096.0 64
1674035337975 60024.0 65
1674035349924 61088.0 66
1674035360559 61232.0 67
1674035370815 60168.0 68
1674035381498 61576.0 69
1674035392019 61720.0 70
1674035402792 59792.0 71
1674035415083 59208.0 72
1674035428319 59784.0 73
1674035439749 61960.0 74
1674035450476 60264.0 75
1674035461111 62856.0 76
1674035471019 59752.0 77
1674035482196 61832.0 78
1674035492810 60056.0 79
1674035503412 58624.0 80
1674035515550 58976.0 81
1674035525697 57704.0 82
1674035537985 58888.0 83
1674035548623 59368.0 84
1674035559122 61944.0 85
1674035569440 58824.0 86
1674035579515 56600.0 87
1674035591827 57456.0 88
1674035603166 59544.0 89
1674035614623 61760.0 90
1674035625105 55488.0 91
1674035637134 58344.0 92
1674035647748 60640.0 93
1674035658285 59368.0 94
1674035668820 57072.0 95
1674035679345 57216.0 96
1674035689940 56240.0 97
1674035700548 57224.0 98
1674035710334 55360.0 99
1674035722589 55952.0 100
1674035733306 57904.0 101
1674035743897 57064.0 102
1674035753958 55840.0 103
1674035764559 54528.0 104
1674035777022 55024.0 105
1674035788413 56528.0 106
1674035799228 56968.0 107
1674035810017 57232.0 108
1674035820490 56720.0 109
1674035830754 51624.0 110
1674035842910 53536.0 111
1674035853518 56568.0 112
1674035864133 55736.0 113
1674035874702 52296.0 114
1674035885300 57440.0 115
1674035895898 57784.0 116
1674035906310 53144.0 117
1674035916543 52480.0 118
1674035926933 52880.0 119
1674035937467 55088.0 120
1674035947646 53248.0 121
1674035957998 52144.0 122
1674035968124 50072.0 123
1674035979961 52216.0 124
1674035990204 53216.0 125
1674036000068 52848.0 126
1674036010820 54496.0 127
1674036021958 49792.0 128
1674036034848 52072.0 129
1674036045513 49552.0 130
1674036057437 51184.0 131
1674036067958 47840.0 132
1674036079875 49752.0 133
1674036090431 50016.0 134
1674036100896 48256.0 135
1674036110390 49424.0 136
1674036121460 44296.0 137
1674036133502 47528.0 138
1674036144068 48544.0 139
1674036154477 48536.0 140
1674036164639 49544.0 141
1674036175100 46992.0 142
1674036184900 45912.0 143
1674036196174 43856.0 144
1674036209174 45680.0 145
1674036220277 44304.0 146
1674036230887 45000.0 147
1674036240716 44608.0 148
1674036251576 40936.0 149
