1673893342319 163253.109375 0
1673893342375 51801.9375 1
1673893342453 94014.296875 2
1673893342500 40936.34375 3
1673893342563 38446.90625 4
1673893342626 36498.78125 5
1673893342688 70598.21875 6
1673893342751 67055.90625 7
1673893342813 32056.625 8
1673893342876 62101.5625 9
1673893342927 30213.25 10
1673893342989 59402.75 11
1673893343052 29031.9375 12
1673893343114 28512.125 13
1673893343177 27794.25 14
1673893343240 27478.4375 15
1673893343302 54907.4375 16
1673893343365 27866.375 17
1673893343412 26599.4375 18
1673893343474 26427.25 19
1673893343537 26262.375 20
1673893343599 52203.5625 21
1673893343662 51110.375 22
1673893343728 50568.5 23
1673893343791 25002.375 24
1673893343837 24810.375 25
1673893343915 25030.75 26
1673893343962 24674.625 27
1673893344040 49340.75 28
1673893344103 25101.75 29
1673893344156 24198.125 30
1673893344218 48175.0 31
1673893344281 24066.875 32
1673893344343 23976.75 33
1673893344406 47617.125 34
1673893344468 47549.375 35
1673893344531 47351.75 36
1673893344609 47132.0 37
1673893344671 23344.5 38
1673893344734 47088.875 39
1673893344796 46760.375 40
1673893344859 23394.5 41
1673893344921 23392.5 42
1673893344984 23296.375 43
1673893345046 23012.375 44
1673893345098 23117.5 45
1673893345161 23022.125 46
1673893345223 22884.75 47
1673893345286 23031.75 48
1673893345349 22667.0 49
1673893345412 22875.875 50
1673893345459 22752.375 51
1673893345521 22777.125 52
1673893345584 22677.0 53
1673893345646 44636.375 54
1673893345693 21865.25 55
1673893345771 22745.75 56
1673893345834 43962.5 57
1673893345896 43130.5 58
1673893345958 21747.0 59
1673893346005 21797.25 60
1673893346083 22068.5 61
1673893346130 21496.75 62
1673893346193 21722.5 63
1673893346255 21831.75 64
1673893346318 43413.25 65
1673893346380 43103.0 66
1673893346451 43142.5 67
1673893346499 21580.25 68
1673893346561 21607.25 69
1673893346624 42949.5 70
1673893346687 42905.0 71
1673893346734 42700.5 72
1673893346800 21630.5 73
1673893346863 42730.0 74
1673893346925 42675.75 75
1673893346989 42262.5 76
1673893347051 42663.5 77
1673893347119 42638.5 78
1673893347166 21132.5 79
1673893347244 42140.25 80
1673893347306 42205.75 81
1673893347354 42093.0 82
1673893347417 42074.5 83
1673893347479 42201.0 84
1673893347542 20637.5 85
1673893347604 42304.5 86
1673893347667 41823.25 87
1673893347729 41810.0 88
1673893347776 21009.75 89
1673893347832 41823.75 90
1673893347894 41750.25 91
1673893347972 41765.0 92
1673893348019 41417.75 93
1673893348082 41435.75 94
1673893348145 20728.0 95
1673893348207 41223.75 96
1673893348270 20481.0 97
1673893348332 40880.0 98
1673893348379 20569.0 99
1673893348442 20385.5 100
1673893348504 40598.5 101
1673893348567 40858.75 102
1673893348629 20257.75 103
1673893348692 20440.25 104
1673893348739 20265.25 105
1673893348801 40554.0 106
1673893348864 40602.5 107
1673893348926 40281.0 108
1673893348989 40381.0 109
1673893349051 39898.0 110
1673893349098 20160.25 111
1673893349160 20196.5 112
1673893349216 39850.5 113
1673893349279 20049.0 114
1673893349341 39989.25 115
1673893349405 39362.75 116
1673893349467 38531.0 117
1673893349530 38553.5 118
1673893349577 19201.5 119
1673893349639 38878.0 120
1673893349702 19304.5 121
1673893349764 19206.0 122
1673893349826 19540.0 123
1673893349889 19227.5 124
1673893349951 38237.0 125
1673893349998 19200.0 126
1673893350061 19155.5 127
1673893350123 19089.0 128
1673893350186 19158.5 129
1673893350248 38084.5 130
1673893350295 37939.5 131
1673893350358 37927.5 132
1673893350420 37726.0 133
1673893350483 37947.5 134
1673893350529 18770.5 135
1673893350602 19000.5 136
1673893350665 37590.0 137
1673893350727 18741.0 138
1673893350791 18672.5 139
1673893350853 18733.5 140
1673893350900 18861.5 141
1673893350962 37173.5 142
1673893351025 37018.0 143
1673893351072 37572.0 144
1673893351134 18561.5 145
1673893351197 18599.5 146
1673893351244 36683.0 147
1673893351306 36696.5 148
1673893351369 18537.0 149
