1674013943804 4399197.5 0
1674013952124 3131505.5 1
1674013960472 3581382.0 2
1674013967360 3831205.0 3
1674013974150 2481042.0 4
1674013982484 1282398.0 5
1674013990771 1348740.0 6
1674013998240 1311788.0 7
1674014006031 1346468.0 8
1674014013059 1460634.0 9
1674014019887 1482392.0 10
1674014026757 1570330.0 11
1674014033629 1566076.0 12
1674014040505 1622772.0 13
1674014047355 1542966.0 14
1674014054243 1567194.0 15
1674014061075 574550.0 16
1674014069592 556976.0 17
1674014077895 556088.0 18
1674014086088 561584.0 19
1674014093024 557324.0 20
1674014099897 539032.0 21
1674014108217 546008.0 22
1674014115148 526060.0 23
1674014123332 525712.0 24
1674014131554 506252.0 25
1674014139723 525728.0 26
1674014146521 504492.0 27
1674014154610 521784.0 28
1674014161509 485552.0 29
1674014169699 513032.0 30
1674014177049 494276.0 31
1674014184665 488536.0 32
1674014191737 499592.0 33
1674014198494 482020.0 34
1674014206860 483828.0 35
1674014213799 486080.0 36
1674014220600 495868.0 37
1674014227336 489004.0 38
1674014234475 463636.0 39
1674014242647 474956.0 40
1674014249514 474624.0 41
1674014256197 467904.0 42
1674014263047 467932.0 43
1674014269840 475388.0 44
1674014276619 470680.0 45
1674014283392 482708.0 46
1674014290118 466600.0 47
1674014296778 480568.0 48
1674014303527 462740.0 49
1674014311765 478180.0 50
1674014318664 453120.0 51
1674014326762 464580.0 52
1674014333426 451996.0 53
1674014341500 468476.0 54
1674014348310 473964.0 55
1674014355041 443648.0 56
1674014363295 458424.0 57
1674014370093 466076.0 58
1674014376774 464924.0 59
1674014383515 459788.0 60
1674014390558 454692.0 61
1674014397275 442776.0 62
1674014405531 448904.0 63
1674014412357 429700.0 64
1674014421021 454968.0 65
1674014428674 439212.0 66
1674014435616 454188.0 67
1674014442415 463100.0 68
1674014449063 429724.0 69
1674014455831 434672.0 70
1674014462613 442260.0 71
1674014469214 429292.0 72
1674014477520 441496.0 73
1674014484361 432484.0 74
1674014491014 428628.0 75
1674014499214 437016.0 76
1674014506049 445732.0 77
1674014512654 436528.0 78
1674014519351 437428.0 79
1674014525992 427616.0 80
1674014534112 435932.0 81
1674014540969 436024.0 82
1674014547631 434368.0 83
1674014554339 424116.0 84
1674014562348 421064.0 85
1674014570452 422908.0 86
1674014577183 49048.0 87
1674014585157 41176.0 88
1674014593306 41456.0 89
1674014600908 41848.0 90
1674014608276 41264.0 91
1674014614993 40448.0 92
1674014623054 42384.0 93
1674014629763 39336.0 94
1674014637788 41456.0 95
1674014644534 39928.0 96
1674014651240 40248.0 97
1674014657865 37544.0 98
1674014666380 36088.0 99
1674014673907 41280.0 100
1674014680607 40432.0 101
1674014687344 39096.0 102
1674014693921 39856.0 103
1674014700638 37968.0 104
1674014707193 40400.0 105
1674014713734 38464.0 106
1674014720291 38768.0 107
1674014726975 38088.0 108
1674014733534 38864.0 109
1674014740109 38776.0 110
1674014746640 38464.0 111
1674014753159 37544.0 112
1674014759721 37248.0 113
1674014766236 38424.0 114
1674014772741 39000.0 115
1674014780258 38488.0 116
1674014787733 36608.0 117
1674014794561 37152.0 118
1674014801093 35856.0 119
1674014808774 37880.0 120
1674014815274 38000.0 121
1674014821809 36752.0 122
1674014828346 37080.0 123
1674014834919 38952.0 124
1674014841432 36264.0 125
1674014848121 37600.0 126
1674014854599 38584.0 127
1674014861125 37784.0 128
1674014867727 35304.0 129
1674014875628 36680.0 130
1674014882832 37048.0 131
1674014890143 37408.0 132
1674014897446 35816.0 133
1674014904985 37080.0 134
1674014913367 35280.0 135
1674014922618 34160.0 136
1674014930550 36432.0 137
1674014937233 35776.0 138
1674014943966 35136.0 139
1674014950673 33624.0 140
1674014958962 34384.0 141
1674014965755 35272.0 142
1674014972522 33888.0 143
1674014979191 34952.0 144
1674014985856 34616.0 145
1674014992439 33416.0 146
1674015000425 32384.0 147
1674015008505 33640.0 148
1674015015445 32296.0 149
