1673896176827 29073.984375 0
1673896176843 38157.6484375 1
1673896176858 23727.6328125 2
1673896176890 21441.6328125 3
1673896176905 20656.5390625 4
1673896176937 19617.359375 5
1673896176952 27286.765625 6
1673896176968 26401.046875 7
1673896176999 25486.125 8
1673896177015 25036.46875 9
1673896177030 24948.484375 10
1673896177061 16611.8125 11
1673896177077 23711.875 12
1673896177093 16077.53125 13
1673896177124 23184.3125 14
1673896177140 23295.875 15
1673896177171 22617.5625 16
1673896177186 22214.5 17
1673896177202 21989.1875 18
1673896177218 15243.1875 19
1673896177249 21560.75 20
1673896177265 21690.71875 21
1673896177296 14680.3125 22
1673896177311 14295.6875 23
1673896177343 20742.875 24
1673896177358 14057.9375 25
1673896177386 14214.0 26
1673896177401 13848.5625 27
1673896177433 13904.0 28
1673896177448 13812.1875 29
1673896177464 19802.8125 30
1673896177496 13786.875 31
1673896177512 19482.9375 32
1673896177527 19611.4375 33
1673896177559 19259.0 34
1673896177574 13251.375 35
1673896177605 18643.6875 36
1673896177621 18949.5 37
1673896177652 13138.25 38
1673896177669 18562.8125 39
1673896177700 12787.75 40
1673896177716 12816.75 41
1673896177731 18618.9375 42
1673896177763 12756.875 43
1673896177778 18294.875 44
1673896177794 18275.5625 45
1673896177825 17919.625 46
1673896177841 12545.0625 47
1673896177856 12415.0625 48
1673896177888 17878.5 49
1673896177903 12253.1875 50
1673896177935 12307.75 51
1673896177950 12222.875 52
1673896177966 12217.125 53
1673896177997 17756.0 54
1673896178013 12122.375 55
1673896178044 11944.6875 56
1673896178060 17582.125 57
1673896178091 12040.375 58
1673896178106 17250.5 59
1673896178122 17206.75 60
1673896178138 11743.25 61
1673896178169 11863.0 62
1673896178184 17099.5 63
1673896178216 17018.25 64
1673896178231 17004.125 65
1673896178247 16935.5 66
1673896178263 11694.375 67
1673896178294 16912.125 68
1673896178309 16875.0 69
1673896178325 17178.375 70
1673896178356 11769.375 71
1673896178372 16826.5 72
1673896178388 16763.375 73
1673896178419 11447.0 74
1673896178434 16632.5 75
1673896178450 16847.5 76
1673896178481 11532.5 77
1673896178497 11347.125 78
1673896178513 11391.375 79
1673896178544 11316.5 80
1673896178559 11225.125 81
1673896178575 11402.25 82
1673896178606 16227.25 83
1673896178622 16401.875 84
1673896178637 11311.75 85
1673896178669 16406.125 86
1673896178684 16422.625 87
1673896178700 16315.5 88
1673896178716 16294.625 89
1673896178747 16138.25 90
1673896178762 16026.25 91
1673896178778 11244.25 92
1673896178794 11194.25 93
1673896178825 15991.375 94
1673896178841 16014.875 95
1673896178868 16072.75 96
1673896178884 16094.75 97
1673896178899 11134.875 98
1673896178930 10948.0 99
1673896178946 16007.375 100
1673896178978 16033.125 101
1673896178994 10904.125 102
1673896179009 11063.0 103
1673896179041 15861.5 104
1673896179056 15863.875 105
1673896179072 15640.625 106
1673896179088 10822.75 107
1673896179119 10951.875 108
1673896179134 15888.75 109
1673896179150 11006.0 110
1673896179181 10803.875 111
1673896179197 10694.25 112
1673896179212 10852.0 113
1673896179244 10923.25 114
1673896179259 15659.5 115
1673896179275 15585.0 116
1673896179291 10981.875 117
1673896179322 15472.25 118
1673896179337 15753.0 119
1673896179353 15765.5 120
1673896179384 15495.375 121
1673896179400 10746.0 122
1673896179416 15559.375 123
1673896179447 15379.25 124
1673896179462 10624.0 125
1673896179478 15596.0 126
1673896179509 15450.125 127
1673896179525 15332.75 128
1673896179541 15507.125 129
1673896179572 15567.0 130
1673896179587 10443.0 131
1673896179603 10447.0 132
1673896179634 15249.5 133
1673896179650 15291.0 134
1673896179666 15055.25 135
1673896179681 10434.75 136
1673896179712 10464.0 137
1673896179728 15009.5 138
1673896179744 15044.5 139
1673896179775 15226.75 140
1673896179790 10474.5 141
1673896179806 10364.75 142
1673896179837 10477.25 143
1673896179853 14979.5 144
1673896179869 15116.5 145
1673896179900 10243.75 146
1673896179915 14908.5 147
1673896179931 10443.25 148
1673896179962 10284.0 149
