1675008208218 70367.1796875 0
1675008208271 58657.9140625 1
1675008208321 80155.890625 2
1675008208363 50211.109375 3
1675008208415 71425.71875 4
1675008208460 68819.3125 5
1675008208503 44305.25 6
1675008208555 65030.28125 7
1675008208598 63112.21875 8
1675008208643 41325.3125 9
1675008208698 40787.625 10
1675008208752 39881.0625 11
1675008208805 58241.125 12
1675008208849 38561.5625 13
1675008208904 56788.5 14
1675008208947 37686.6875 15
1675008209002 37024.625 16
1675008209062 54443.25 17
1675008209119 35976.25 18
1675008209180 52928.125 19
1675008209226 52520.625 20
1675008209281 34741.25 21
1675008209336 51827.75 22
1675008209384 33971.875 23
1675008209447 34031.5 24
1675008209497 50746.75 25
1675008209543 49771.5 26
1675008209593 49890.375 27
1675008209636 33482.375 28
1675008209692 32730.5 29
1675008209750 48947.0 30
1675008209798 48692.0 31
1675008209845 32285.75 32
1675008209902 47945.625 33
1675008209951 32139.5 34
1675008210013 31865.125 35
1675008210073 31673.25 36
1675008210134 31949.125 37
1675008210181 31428.75 38
1675008210234 31352.75 39
1675008210288 31456.5 40
1675008210331 31234.875 41
1675008210388 31346.125 42
1675008210438 46297.0 43
1675008210486 31398.375 44
1675008210535 30713.75 45
1675008210593 30989.75 46
1675008210643 45455.25 47
1675008210689 30190.75 48
1675008210741 44644.25 49
1675008210784 29720.5 50
1675008210847 29698.25 51
1675008210896 29987.75 52
1675008210938 43817.5 53
1675008210981 43738.0 54
1675008211025 43974.75 55
1675008211071 28959.0 56
1675008211124 43722.25 57
1675008211168 29282.5 58
1675008211212 43632.25 59
1675008211254 29309.0 60
1675008211297 29047.25 61
1675008211340 28890.75 62
1675008211396 28977.5 63
1675008211441 29149.75 64
1675008211488 28720.25 65
1675008211543 42848.25 66
1675008211587 43067.75 67
1675008211630 28721.75 68
1675008211674 28304.75 69
1675008211725 42641.0 70
1675008211771 42745.25 71
1675008211817 42518.0 72
1675008211861 42313.25 73
1675008211905 28331.5 74
1675008211950 28237.75 75
1675008212004 28426.0 76
1675008212047 28078.25 77
1675008212098 41590.75 78
1675008212142 28490.25 79
1675008212184 27636.75 80
1675008212237 41763.75 81
1675008212291 41637.5 82
1675008212336 41484.75 83
1675008212377 27913.25 84
1675008212418 41382.5 85
1675008212459 27918.0 86
1675008212504 27406.0 87
1675008212556 27722.5 88
1675008212599 41157.25 89
1675008212642 27502.25 90
1675008212685 41375.25 91
1675008212727 27682.75 92
1675008212769 41071.25 93
1675008212810 27591.0 94
1675008212861 27481.5 95
1675008212904 27604.0 96
1675008212946 40433.5 97
1675008212990 41042.25 98
1675008213033 27193.75 99
1675008213086 27358.75 100
1675008213128 40408.25 101
1675008213174 26958.0 102
1675008213224 40292.5 103
1675008213266 27112.5 104
1675008213309 26838.75 105
1675008213365 40185.75 106
1675008213407 26630.25 107
1675008213456 38735.25 108
1675008213498 25539.0 109
1675008213548 25537.0 110
1675008213597 38207.0 111
1675008213643 38056.5 112
1675008213686 25399.5 113
1675008213738 37897.0 114
1675008213780 37958.0 115
1675008213821 25557.5 116
1675008213864 25034.0 117
1675008213921 37719.0 118
1675008213963 25257.0 119
1675008214005 25288.5 120
1675008214049 37647.0 121
1675008214095 25483.0 122
1675008214138 37418.5 123
1675008214180 25278.5 124
1675008214226 37456.5 125
1675008214274 25164.0 126
1675008214321 25083.5 127
1675008214364 25125.0 128
1675008214407 37408.0 129
1675008214449 37860.0 130
1675008214493 37431.0 131
1675008214537 24829.5 132
1675008214602 36989.0 133
1675008214645 24968.0 134
1675008214686 37349.0 135
1675008214728 24972.0 136
1675008214771 25156.5 137
1675008214811 24779.5 138
1675008214860 24839.5 139
1675008214904 24879.0 140
1675008214947 25014.0 141
1675008214989 24935.5 142
1675008215031 24958.0 143
1675008215073 37127.0 144
1675008215116 24661.0 145
1675008215167 24620.5 146
1675008215219 36930.5 147
1675008215262 24318.0 148
1675008215313 37015.0 149
