1673893067617 180121.40625 0
1673893067679 64767.046875 1
1673893067742 122976.390625 2
1673893067788 57512.75 3
1673893067851 53069.4375 4
1673893067913 50251.03125 5
1673893067976 48366.375 6
1673893068038 94345.1875 7
1673893068085 92186.875 8
1673893068132 45106.0625 9
1673893068195 44762.9375 10
1673893068257 88161.6875 11
1673893068320 43958.1875 12
1673893068380 43537.0 13
1673893068443 85073.25 14
1673893068490 42084.0 15
1673893068552 84399.75 16
1673893068600 42173.0 17
1673893068662 84651.25 18
1673893068709 84400.75 19
1673893068772 84200.25 20
1673893068819 42188.125 21
1673893068881 41964.25 22
1673893068944 42228.875 23
1673893068990 83839.375 24
1673893069053 83724.125 25
1673893069100 83177.625 26
1673893069162 83028.25 27
1673893069209 41460.375 28
1673893069272 41508.0 29
1673893069334 77268.375 30
1673893069381 75455.25 31
1673893069428 37772.5 32
1673893069490 75261.75 33
1673893069537 37835.75 34
1673893069600 38112.75 35
1673893069647 75485.5 36
1673893069710 37734.0 37
1673893069781 75465.0 38
1673893069843 75499.75 39
1673893069890 37847.25 40
1673893069954 37757.25 41
1673893070016 37954.5 42
1673893070063 37957.75 43
1673893070125 37753.25 44
1673893070188 75571.0 45
1673893070250 75223.0 46
1673893070313 75243.75 47
1673893070375 37498.25 48
1673893070438 75402.5 49
1673893070500 75503.0 50
1673893070563 75552.0 51
1673893070625 75537.0 52
1673893070688 37452.0 53
1673893070750 75150.25 54
1673893070813 37505.5 55
1673893070875 37793.25 56
1673893070922 37583.25 57
1673893070985 75041.5 58
1673893071047 37895.75 59
1673893071110 37400.0 60
1673893071172 37548.5 61
1673893071235 75213.0 62
1673893071297 37558.75 63
1673893071360 75073.0 64
1673893071422 74821.25 65
1673893071485 37330.0 66
1673893071547 72199.75 67
1673893071610 69603.5 68
1673893071672 68978.5 69
1673893071734 69257.5 70
1673893071797 69141.0 71
1673893071859 34786.5 72
1673893071922 34606.5 73
1673893071984 69216.0 74
1673893072047 34554.5 75
1673893072109 69388.5 76
1673893072172 34602.5 77
1673893072234 69097.5 78
1673893072297 34438.5 79
1673893072359 34488.0 80
1673893072406 68955.0 81
1673893072484 68989.5 82
1673893072531 34647.0 83
1673893072594 34459.0 84
1673893072656 34572.0 85
1673893072719 34528.0 86
1673893072765 68775.5 87
1673893072828 68781.0 88
1673893072890 34223.0 89
1673893072953 69120.0 90
1673893073015 34443.0 91
1673893073078 34370.0 92
1673893073140 34487.5 93
1673893073203 68891.0 94
1673893073250 34319.5 95
1673893073312 68635.5 96
1673893073375 34480.0 97
1673893073437 68848.0 98
1673893073500 68451.0 99
1673893073562 68444.5 100
1673893073625 34648.5 101
1673893073672 68547.5 102
1673893073734 68661.5 103
1673893073797 34211.5 104
1673893073859 34517.5 105
1673893073921 68519.0 106
1673893073984 34025.0 107
1673893074046 68153.0 108
1673893074109 68259.0 109
1673893074171 68283.5 110
1673893074227 68190.5 111
1673893074290 34210.0 112
1673893074352 68495.0 113
1673893074416 68278.0 114
1673893074478 34052.5 115
1673893074541 67859.0 116
1673893074603 67969.5 117
1673893074666 34364.5 118
1673893074712 34110.5 119
1673893074775 33956.5 120
1673893074837 68162.5 121
1673893074900 33999.0 122
1673893074962 34224.0 123
1673893075025 34210.5 124
1673893075072 34083.0 125
1673893075134 34110.5 126
1673893075197 34011.5 127
1673893075244 33900.0 128
1673893075306 34003.0 129
1673893075369 67754.5 130
1673893075431 33965.0 131
1673893075493 33667.5 132
1673893075556 33922.5 133
1673893075618 67753.5 134
1673893075681 67935.5 135
1673893075743 67704.0 136
1673893075790 33895.0 137
1673893075853 33899.5 138
1673893075915 67775.0 139
1673893075978 33945.5 140
1673893076040 67730.5 141
1673893076103 67452.5 142
1673893076165 67898.0 143
1673893076212 33917.5 144
1673893076275 67612.5 145
1673893076337 67802.5 146
1673893076400 67402.5 147
1673893076462 65153.0 148
1673893076524 26358.0 149
