1674081091593 6273751.0 0
1674081121206 5103783.0 1
1674081151759 3557543.0 2
1674081181769 2450297.0 3
1674081212279 2177880.0 4
1674081243108 2028786.0 5
1674081271213 2067680.0 6
1674081297106 2010112.0 7
1674081326886 1944586.0 8
1674081356580 2026426.0 9
1674081383944 2007452.0 10
1674081413106 1846078.0 11
1674081441056 1686670.0 12
1674081470162 1602904.0 13
1674081499341 1569800.0 14
1674081529154 1565404.0 15
1674081558375 1503604.0 16
1674081587813 1528028.0 17
1674081614644 1474160.0 18
1674081645650 1383372.0 19
1674081674587 1428644.0 20
1674081701492 1365844.0 21
1674081730384 1370976.0 22
1674081757205 1360784.0 23
1674081785902 1338360.0 24
1674081815705 1323792.0 25
1674081845886 1326764.0 26
1674081872727 1308760.0 27
1674081891580 1236392.0 28
1674081907451 1224040.0 29
1674081923273 1231196.0 30
1674081937530 1206464.0 31
1674081953242 1182256.0 32
1674081969007 1173984.0 33
1674081984809 1163904.0 34
1674082000572 1159224.0 35
1674082016412 922868.0 36
1674082034232 118440.0 37
1674082050605 121840.0 38
1674082064773 120112.0 39
1674082079034 119960.0 40
1674082093369 121864.0 41
1674082107527 120216.0 42
1674082121977 120032.0 43
1674082136424 124136.0 44
1674082150585 120552.0 45
1674082164679 120664.0 46
1674082178807 119208.0 47
1674082192887 119432.0 48
1674082206968 115848.0 49
1674082224599 115880.0 50
1674082239765 116888.0 51
1674082253976 116920.0 52
1674082268256 114080.0 53
1674082283877 115480.0 54
1674082298039 117384.0 55
1674082312157 115240.0 56
1674082326329 113776.0 57
1674082341803 115744.0 58
1674082355802 112560.0 59
1674082371361 116304.0 60
1674082385480 114864.0 61
1674082400770 113712.0 62
1674082416524 111760.0 63
1674082432061 113576.0 64
1674082446183 112800.0 65
1674082460300 111440.0 66
1674082475836 110648.0 67
1674082491488 111400.0 68
1674082505625 111816.0 69
1674082519710 109800.0 70
1674082535251 111600.0 71
1674082549387 108656.0 72
1674082565036 110720.0 73
1674082580085 108128.0 74
1674082597110 108928.0 75
1674082611110 107504.0 76
1674082626638 108632.0 77
1674082640652 109552.0 78
1674082654593 105224.0 79
1674082670088 103648.0 80
1674082685594 108008.0 81
1674082699513 102696.0 82
1674082715051 107120.0 83
1674082729058 109608.0 84
1674082743048 103464.0 85
1674082757017 105280.0 86
1674082771045 103744.0 87
1674082785021 103000.0 88
1674082799186 105648.0 89
1674082813521 105560.0 90
1674082829774 104984.0 91
1674082843988 101440.0 92
1674082859583 102584.0 93
1674082873554 100408.0 94
1674082889094 100352.0 95
1674082904617 101184.0 96
1674082918503 98112.0 97
1674082933958 98576.0 98
1674082947758 99144.0 99
1674082961745 99560.0 100
1674082975589 96240.0 101
1674082990922 95968.0 102
1674083008595 96312.0 103
1674083023177 99704.0 104
1674083037330 99920.0 105
1674083051429 94360.0 106
1674083066874 95488.0 107
1674083080694 93800.0 108
1674083096102 93616.0 109
1674083111606 92240.0 110
1674083127024 89464.0 111
1674083142415 93128.0 112
1674083156309 91728.0 113
1674083170003 91240.0 114
1674083185872 88784.0 115
1674083201866 88096.0 116
1674083217299 88864.0 117
1674083231229 86240.0 118
1674083246614 87416.0 119
1674083260431 86992.0 120
1674083274334 83944.0 121
1674083289671 89336.0 122
1674083303540 89272.0 123
1674083317378 87656.0 124
1674083331230 85128.0 125
1674083345128 85056.0 126
1674083358829 84536.0 127
1674083372632 83408.0 128
1674083388133 81968.0 129
1674083403490 83320.0 130
1674083418115 84920.0 131
1674083434120 80640.0 132
1674083449494 81408.0 133
1674083463620 81400.0 134
1674083477460 81856.0 135
1674083491209 80632.0 136
1674083506624 82048.0 137
1674083520583 80264.0 138
1674083535909 79784.0 139
1674083551374 78608.0 140
1674083566705 80368.0 141
1674083580371 77648.0 142
1674083596116 76616.0 143
1674083613065 75944.0 144
1674083628453 73912.0 145
1674083643906 76416.0 146
1674083657689 78624.0 147
1674083671459 80528.0 148
1674083685263 104640.0 149
