1673896210936 28038.45703125 0
1673896210951 24085.08984375 1
1673896210983 31676.2890625 2
1673896210998 19872.609375 3
1673896211014 27412.4453125 4
1673896211049 18312.328125 5
1673896211065 25582.5625 6
1673896211080 17281.609375 7
1673896211112 24091.6875 8
1673896211127 23725.1875 9
1673896211143 23109.515625 10
1673896211175 15726.9375 11
1673896211191 15428.09375 12
1673896211222 15257.4375 13
1673896211237 21977.4375 14
1673896211253 22150.875 15
1673896211284 14620.1875 16
1673896211300 20977.25 17
1673896211331 14338.28125 18
1673896211347 14344.15625 19
1673896211362 20765.71875 20
1673896211394 13833.96875 21
1673896211425 20137.90625 22
1673896211441 19588.65625 23
1673896211456 19575.46875 24
1673896211487 13196.78125 25
1673896211503 13331.4375 26
1673896211519 18819.125 27
1673896211550 13152.9375 28
1673896211565 18615.9375 29
1673896211582 12569.6875 30
1673896211613 18347.1875 31
1673896211629 12776.5 32
1673896211660 12564.75 33
1673896211676 18238.8125 34
1673896211707 17983.9375 35
1673896211718 17584.625 36
1673896211749 17937.4375 37
1673896211765 17508.75 38
1673896211796 17640.1875 39
1673896211812 12111.375 40
1673896211843 17599.875 41
1673896211859 12142.3125 42
1673896211874 12154.8125 43
1673896211890 17416.25 44
1673896211922 12167.3125 45
1673896211938 17098.0625 46
1673896211953 17615.3125 47
1673896211985 11836.0625 48
1673896212000 17159.625 49
1673896212032 11707.25 50
1673896212047 17122.875 51
1673896212063 11691.0625 52
1673896212094 17086.6875 53
1673896212110 17000.0 54
1673896212125 11620.8125 55
1673896212157 16736.5625 56
1673896212172 11495.1875 57
1673896212203 16558.75 58
1673896212219 11555.75 59
1673896212235 11406.4375 60
1673896212266 11220.75 61
1673896212282 16257.0 62
1673896212297 11281.375 63
1673896212328 11303.75 64
1673896212344 16326.875 65
1673896212360 11271.75 66
1673896212391 16243.875 67
1673896212406 16233.5 68
1673896212422 16284.25 69
1673896212453 11255.125 70
1673896212469 11313.625 71
1673896212485 16254.75 72
1673896212516 11000.875 73
1673896212531 16040.0 74
1673896212563 16432.75 75
1673896212578 10804.25 76
1673896212594 16064.25 77
1673896212610 10866.375 78
1673896212641 10971.25 79
1673896212656 10836.75 80
1673896212672 15955.5 81
1673896212703 10956.0 82
1673896212719 10757.25 83
1673896212735 15742.625 84
1673896212766 10855.5 85
1673896212781 10889.625 86
1673896212797 10741.25 87
1673896212828 15716.75 88
1673896212838 10881.375 89
1673896212869 10792.5 90
1673896212885 10768.125 91
1673896212900 15204.0 92
1673896212916 10758.875 93
1673896212947 15349.5 94
1673896212963 15422.0 95
1673896212994 10741.375 96
1673896213010 10661.75 97
1673896213025 15356.5 98
1673896213056 10531.0 99
1673896213072 10782.25 100
1673896213088 10776.5 101
1673896213119 10455.125 102
1673896213134 15534.625 103
1673896213150 15229.375 104
1673896213181 10589.0 105
1673896213197 15050.125 106
1673896213213 15297.75 107
1673896213228 15174.75 108
1673896213259 15238.125 109
1673896213275 10572.125 110
1673896213291 10366.125 111
1673896213322 10294.125 112
1673896213338 15157.125 113
1673896213353 15207.375 114
1673896213384 10543.375 115
1673896213400 15008.25 116
1673896213416 15109.625 117
1673896213447 10252.0 118
1673896213463 10254.125 119
1673896213478 15153.75 120
1673896213509 10457.0 121
1673896213525 15136.0 122
1673896213541 14956.0 123
1673896213556 10180.375 124
1673896213588 10195.0 125
1673896213603 10357.5 126
1673896213619 14843.125 127
1673896213650 14715.125 128
1673896213666 10202.0 129
1673896213681 15144.25 130
1673896213712 10101.625 131
1673896213728 10085.5 132
1673896213749 14760.75 133
1673896213780 10305.5 134
1673896213796 14653.375 135
1673896213811 14698.0 136
1673896213827 14691.375 137
1673896213861 10083.25 138
1673896213880 14659.875 139
1673896213896 14771.0 140
1673896213911 10122.25 141
1673896213943 9868.5 142
1673896213958 10022.0 143
1673896213974 14295.0 144
1673896214005 10153.75 145
1673896214021 14430.0 146
1673896214036 14223.5 147
1673896214068 14340.25 148
1673896214083 14407.25 149
