1673892897422 54959.72265625 0
1673892897469 46836.67578125 1
1673892897516 90708.4921875 2
1673892897562 87180.046875 3
1673892897595 42450.5 4
1673892897657 82891.75 5
1673892897688 81243.03125 6
1673892897735 79979.96875 7
1673892897782 79049.375 8
1673892897813 77341.625 9
1673892897860 76781.3125 10
1673892897907 75717.375 11
1673892897938 74984.4375 12
1673892897985 37004.125 13
1673892898032 73468.0625 14
1673892898095 36383.625 15
1673892898158 71819.0 16
1673892898189 35428.125 17
1673892898236 35446.25 18
1673892898283 35261.625 19
1673892898330 34844.625 20
1673892898377 69414.25 21
1673892898425 34405.875 22
1673892898477 34030.125 23
1673892898524 34128.75 24
1673892898555 67376.125 25
1673892898602 33401.0 26
1673892898663 66834.625 27
1673892898700 66160.625 28
1673892898747 66386.0 29
1673892898778 65599.875 30
1673892898825 65512.375 31
1673892898872 32829.25 32
1673892898919 32640.375 33
1673892898966 65383.5 34
1673892898997 65561.5 35
1673892899044 32396.0 36
1673892899091 64515.25 37
1673892899138 64583.25 38
1673892899169 32229.0 39
1673892899220 32233.0 40
1673892899266 64171.0 41
1673892899313 64471.75 42
1673892899345 32395.5 43
1673892899392 63911.0 44
1673892899424 63990.75 45
1673892899471 31924.25 46
1673892899517 31842.25 47
1673892899576 31819.5 48
1673892899613 63396.25 49
1673892899660 31795.5 50
1673892899722 31856.5 51
1673892899769 63553.0 52
1673892899817 63141.25 53
1673892899864 63100.5 54
1673892899911 62872.75 55
1673892899958 63128.75 56
1673892900004 31237.5 57
1673892900051 62899.0 58
1673892900098 31400.75 59
1673892900145 62913.0 60
1673892900192 31572.25 61
1673892900240 31648.75 62
1673892900287 62649.25 63
1673892900333 31291.25 64
1673892900380 31194.25 65
1673892900443 62856.0 66
1673892900474 62789.5 67
1673892900521 62822.5 68
1673892900568 62115.0 69
1673892900610 62313.75 70
1673892900673 31165.0 71
1673892900720 62542.75 72
1673892900767 62204.0 73
1673892900816 62254.0 74
1673892900852 31032.25 75
1673892900899 62156.0 76
1673892900950 31110.75 77
1673892900997 27308.0 78
1673892901044 55332.5 79
1673892901106 27608.0 80
1673892901154 55015.0 81
1673892901201 55090.5 82
1673892901248 27397.5 83
1673892901294 55235.5 84
1673892901341 27298.0 85
1673892901404 27517.5 86
1673892901451 55113.0 87
1673892901498 54727.0 88
1673892901544 27409.0 89
1673892901592 55133.0 90
1673892901639 54871.0 91
1673892901686 27380.0 92
1673892901733 54916.5 93
1673892901780 55083.5 94
1673892901827 27484.0 95
1673892901874 54422.5 96
1673892901906 27434.0 97
1673892901952 27458.5 98
1673892901999 27458.0 99
1673892902046 54399.0 100
1673892902093 54702.0 101
1673892902140 54654.5 102
1673892902187 54722.5 103
1673892902234 54614.5 104
1673892902280 27197.0 105
1673892902343 27223.5 106
1673892902390 27464.5 107
1673892902437 54550.5 108
1673892902484 54586.5 109
1673892902530 27273.5 110
1673892902577 54608.0 111
1673892902624 27205.5 112
1673892902671 54450.5 113
1673892902711 27257.5 114
1673892902758 54168.0 115
1673892902805 54079.5 116
1673892902852 54021.0 117
1673892902900 54251.0 118
1673892902947 27052.5 119
1673892902993 53971.5 120
1673892903040 26908.0 121
1673892903103 54329.0 122
1673892903134 27209.0 123
1673892903181 54068.5 124
1673892903228 27099.0 125
1673892903275 27127.5 126
1673892903326 53957.0 127
1673892903373 54185.0 128
1673892903404 27043.0 129
1673892903451 27235.5 130
1673892903498 53880.0 131
1673892903545 54111.5 132
1673892903592 53938.0 133
1673892903639 53917.0 134
1673892903686 53914.5 135
1673892903717 26940.0 136
1673892903764 26844.5 137
1673892903827 53791.5 138
1673892903874 53918.0 139
1673892903920 26765.5 140
1673892903967 53763.0 141
1673892904014 53931.0 142
1673892904061 53999.0 143
1673892904108 26916.0 144
1673892904155 26755.5 145
1673892904202 27152.0 146
1673892904248 53868.5 147
1673892904295 26977.0 148
1673892904327 53897.5 149
