1673893039554 187385.828125 0
1673893039616 66635.296875 1
1673893039679 62494.34375 2
1673893039741 119731.78125 3
1673893039804 112520.5 4
1673893039866 107775.5 5
1673893039928 104422.25 6
1673893039991 101446.1875 7
1673893040038 98901.625 8
1673893040100 48417.0 9
1673893040147 48302.3125 10
1673893040225 47934.625 11
1673893040284 47254.375 12
1673893040331 46786.375 13
1673893040394 46603.125 14
1673893040456 46734.0 15
1673893040519 92983.75 16
1673893040566 92957.375 17
1673893040629 92838.875 18
1673893040676 46103.375 19
1673893040754 92291.75 20
1673893040801 91858.875 21
1673893040863 45801.625 22
1673893040926 91379.5 23
1673893040973 45393.0 24
1673893041035 89732.0 25
1673893041098 42125.75 26
1673893041151 39497.75 27
1673893041213 39409.75 28
1673893041276 39257.5 29
1673893041323 39774.25 30
1673893041385 39453.25 31
1673893041448 78542.75 32
1673893041495 78525.0 33
1673893041558 78589.75 34
1673893041605 39336.25 35
1673893041667 39196.75 36
1673893041730 78359.75 37
1673893041792 78991.75 38
1673893041870 77931.75 39
1673893041933 39402.0 40
1673893041980 39164.75 41
1673893042042 39161.25 42
1673893042120 78549.5 43
1673893042183 77955.0 44
1673893042245 39153.5 45
1673893042308 78399.5 46
1673893042370 78055.75 47
1673893042448 78686.0 48
1673893042511 78491.75 49
1673893042573 38698.75 50
1673893042636 78497.0 51
1673893042698 78395.25 52
1673893042776 78284.5 53
1673893042839 39156.75 54
1673893042901 78372.75 55
1673893042948 39002.25 56
1673893043026 38953.5 57
1673893043089 38663.75 58
1673893043158 77678.25 59
1673893043221 77728.25 60
1673893043283 38641.75 61
1673893043346 36630.5 62
1673893043425 73346.0 63
1673893043480 36697.5 64
1673893043559 73099.5 65
1673893043621 73013.5 66
1673893043684 72752.5 67
1673893043747 36343.5 68
1673893043825 72606.0 69
1673893043872 36454.5 70
1673893043950 72765.0 71
1673893044012 72786.0 72
1673893044075 72946.0 73
1673893044137 72870.0 74
1673893044216 72733.0 75
1673893044278 72971.0 76
1673893044341 36513.0 77
1673893044404 73022.5 78
1673893044466 36241.5 79
1673893044529 72250.5 80
1673893044591 72690.5 81
1673893044654 36030.0 82
1673893044732 72753.5 83
1673893044794 36205.0 84
1673893044857 72331.0 85
1673893044919 72368.5 86
1673893044983 36316.5 87
1673893045045 72460.0 88
1673893045124 72285.0 89
1673893045170 36280.0 90
1673893045248 72113.5 91
1673893045311 72511.5 92
1673893045373 35820.5 93
1673893045436 72327.5 94
1673893045498 35858.0 95
1673893045561 36163.0 96
1673893045623 71586.5 97
1673893045686 71850.5 98
1673893045748 36197.0 99
1673893045811 71593.5 100
1673893045889 71751.5 101
1673893045951 71611.0 102
1673893046014 35845.0 103
1673893046076 71674.0 104
1673893046139 35662.5 105
1673893046217 35700.0 106
1673893046264 35751.5 107
1673893046342 35910.5 108
1673893046404 71360.5 109
1673893046467 71260.5 110
1673893046529 35792.5 111
1673893046592 71323.5 112
1673893046654 35855.0 113
1673893046717 70946.5 114
1673893046779 35383.5 115
1673893046842 35416.0 116
1673893046904 70750.0 117
1673893046967 70668.0 118
1673893047029 35643.5 119
1673893047092 35489.0 120
1673893047154 35272.5 121
1673893047232 70400.0 122
1673893047279 35139.5 123
1673893047342 35181.0 124
1673893047420 70297.5 125
1673893047482 70116.5 126
1673893047545 35071.5 127
1673893047607 35106.0 128
1673893047670 70255.5 129
1673893047732 70034.5 130
1673893047804 70002.5 131
1673893047867 70087.5 132
1673893047929 69881.5 133
1673893047993 35115.5 134
1673893048055 69327.5 135
1673893048118 57563.0 136
1673893048180 57882.0 137
1673893048243 57850.0 138
1673893048305 57564.0 139
1673893048368 28815.0 140
1673893048430 57586.0 141
1673893048493 57547.0 142
1673893048555 57897.0 143
1673893048618 57696.0 144
1673893048680 29035.0 145
1673893048743 29035.0 146
1673893048805 57539.0 147
1673893048868 28938.0 148
1673893048930 29224.0 149
