1673893315191 75326.375 0
1673893315238 61240.125 1
1673893315270 55617.84375 2
1673893315316 25402.390625 3
1673893315363 24888.078125 4
1673893315394 23489.28125 5
1673893315441 45903.46875 6
1673893315473 44945.6875 7
1673893315504 21972.46875 8
1673893315535 43053.4375 9
1673893315566 42327.125 10
1673893315613 41362.75 11
1673893315644 20534.59375 12
1673893315676 40181.625 13
1673893315707 39797.8125 14
1673893315754 39406.5625 15
1673893315785 19357.0 16
1673893315832 19096.8125 17
1673893315878 19145.625 18
1673893315909 37834.9375 19
1673893315941 37301.625 20
1673893315987 37477.875 21
1673893316019 36933.9375 22
1673893316051 36958.125 23
1673893316082 36455.375 24
1673893316113 36347.375 25
1673893316159 36077.0625 26
1673893316191 35690.8125 27
1673893316222 17853.1875 28
1673893316269 34751.5 29
1673893316300 35004.625 30
1673893316332 17233.5 31
1673893316379 34817.0 32
1673893316410 34284.25 33
1673893316442 34732.0 34
1673893316473 17356.125 35
1673893316504 34013.25 36
1673893316535 17291.625 37
1673893316582 34035.0 38
1673893316613 34160.0 39
1673893316649 33984.0 40
1673893316680 33701.875 41
1673893316711 33765.25 42
1673893316742 17261.25 43
1673893316789 33681.75 44
1673893316820 33762.25 45
1673893316858 16762.5 46
1673893316889 33257.125 47
1673893316920 33210.625 48
1673893316967 33388.125 49
1673893316999 33140.875 50
1673893317030 16449.125 51
1673893317061 16609.125 52
1673893317108 16576.375 53
1673893317139 32890.25 54
1673893317170 32633.125 55
1673893317202 32679.625 56
1673893317233 16472.375 57
1673893317264 32565.625 58
1673893317305 32484.625 59
1673893317337 16241.125 60
1673893317384 32617.375 61
1673893317415 32284.375 62
1673893317446 32319.125 63
1673893317477 16237.125 64
1673893317525 32209.75 65
1673893317556 31790.75 66
1673893317588 31475.25 67
1673893317619 31409.0 68
1673893317666 31415.0 69
1673893317697 31599.5 70
1673893317728 31478.0 71
1673893317759 31340.5 72
1673893317791 31304.5 73
1673893317822 31443.0 74
1673893317853 15804.0 75
1673893317900 31285.0 76
1673893317931 31193.5 77
1673893317962 31116.5 78
1673893317994 31028.25 79
1673893318025 31251.0 80
1673893318072 30728.25 81
1673893318103 30944.75 82
1673893318134 30909.5 83
1673893318166 15626.25 84
1673893318212 30699.5 85
1673893318244 30716.5 86
1673893318275 31018.5 87
1673893318306 15208.0 88
1673893318337 15228.0 89
1673893318384 30598.0 90
1673893318416 30751.75 91
1673893318447 30482.0 92
1673893318478 30812.25 93
1673893318509 30595.25 94
1673893318541 15274.0 95
1673893318572 30260.75 96
1673893318619 15470.75 97
1673893318650 30377.75 98
1673893318681 30355.0 99
1673893318712 15079.5 100
1673893318759 30017.0 101
1673893318790 15257.5 102
1673893318822 29952.5 103
1673893318853 30170.25 104
1673893318884 30210.5 105
1673893318931 30111.75 106
1673893318962 29863.75 107
1673893318994 30026.5 108
1673893319025 15086.0 109
1673893319072 29946.0 110
1673893319103 30119.5 111
1673893319134 29730.75 112
1673893319165 14819.75 113
1673893319197 30052.25 114
1673893319243 29755.5 115
1673893319275 30096.25 116
1673893319306 29788.25 117
1673893319337 29712.25 118
1673893319368 29625.75 119
1673893319400 29614.75 120
1673893319431 29643.0 121
1673893319462 29596.5 122
1673893319509 14943.25 123
1673893319540 29791.25 124
1673893319571 14589.75 125
1673893319603 29557.0 126
1673893319650 14831.5 127
1673893319681 29310.75 128
1673893319712 29555.75 129
1673893319743 29442.25 130
1673893319775 29507.0 131
1673893319806 29627.5 132
1673893319837 14809.75 133
1673893319868 29152.75 134
1673893319915 14740.5 135
1673893319946 29135.5 136
1673893319978 29088.5 137
1673893320017 28995.25 138
1673893320052 14637.75 139
1673893320083 28911.5 140
1673893320114 14695.25 141
1673893320146 29110.0 142
1673893320177 28945.5 143
1673893320208 14305.0 144
1673893320256 28301.5 145
1673893320287 14170.5 146
1673893320318 28146.0 147
1673893320365 14362.0 148
1673893320397 28399.5 149
