1674029775955 4661405.5 0
1674029786245 3141473.0 1
1674029796519 3401150.5 2
1674029805638 3190177.0 3
1674029814722 2579662.0 4
1674029824929 1358432.0 5
1674029835199 1308850.0 6
1674029845416 1277198.0 7
1674029855579 1265134.0 8
1674029865739 1255008.0 9
1674029875865 1243158.0 10
1674029885990 1240098.0 11
1674029896152 1197166.0 12
1674029906191 1205816.0 13
1674029915309 1177030.0 14
1674029925395 1143512.0 15
1674029935485 1131796.0 16
1674029945542 1080596.0 17
1674029955554 865622.0 18
1674029965653 494392.0 19
1674029975660 484280.0 20
1674029985670 484180.0 21
1674029995706 486408.0 22
1674030004631 487948.0 23
1674030013523 490492.0 24
1674030022470 488644.0 25
1674030031401 487532.0 26
1674030040356 484380.0 27
1674030049208 479788.0 28
1674030059129 476312.0 29
1674030069103 475712.0 30
1674030079134 476480.0 31
1674030088003 470476.0 32
1674030097972 471752.0 33
1674030106826 483908.0 34
1674030115687 473100.0 35
1674030124515 476172.0 36
1674030133345 466424.0 37
1674030143286 461460.0 38
1674030153191 466228.0 39
1674030161987 466968.0 40
1674030170899 472740.0 41
1674030179752 459900.0 42
1674030189641 470304.0 43
1674030198530 460876.0 44
1674030207316 461284.0 45
1674030216205 458192.0 46
1674030226101 461864.0 47
1674030234898 450060.0 48
1674030244827 459592.0 49
1674030253641 457172.0 50
1674030262481 455092.0 51
1674030271323 451796.0 52
1674030280153 453760.0 53
1674030289221 454488.0 54
1674030297981 451504.0 55
1674030307141 458768.0 56
1674030315964 464624.0 57
1674030324693 446976.0 58
1674030334608 462384.0 59
1674030343625 453648.0 60
1674030352444 452952.0 61
1674030361217 447236.0 62
1674030369959 448684.0 63
1674030378724 442672.0 64
1674030389579 451024.0 65
1674030398324 445164.0 66
1674030407026 444332.0 67
1674030415764 446316.0 68
1674030424499 445468.0 69
1674030433234 444608.0 70
1674030441976 447072.0 71
1674030450744 438536.0 72
1674030460551 441316.0 73
1674030469283 439328.0 74
1674030477988 444304.0 75
1674030486720 440728.0 76
1674030495456 451760.0 77
1674030504152 437640.0 78
1674030514047 425032.0 79
1674030523834 439568.0 80
1674030532556 442936.0 81
1674030541270 445600.0 82
1674030549981 439504.0 83
1674030558746 453376.0 84
1674030567646 438976.0 85
1674030576352 433260.0 86
1674030585073 424908.0 87
1674030594825 442940.0 88
1674030603525 431116.0 89
1674030612242 443504.0 90
1674030621009 421788.0 91
1674030630789 110040.0 92
1674030640570 108160.0 93
1674030650399 109856.0 94
1674030659147 110496.0 95
1674030667823 109416.0 96
1674030676472 106432.0 97
1674030686222 108528.0 98
1674030694939 106256.0 99
1674030704761 110896.0 100
1674030713462 108928.0 101
1674030722173 107488.0 102
1674030730857 105984.0 103
1674030740664 104016.0 104
1674030750448 109472.0 105
1674030759163 106144.0 106
1674030767824 104520.0 107
1674030776472 106952.0 108
1674030785124 103904.0 109
1674030795035 103000.0 110
1674030804824 102672.0 111
1674030814779 101664.0 112
1674030824558 101960.0 113
1674030833220 102992.0 114
1674030841939 101632.0 115
1674030851678 101080.0 116
1674030861458 100832.0 117
1674030871253 101304.0 118
1674030879956 100256.0 119
1674030889771 100080.0 120
1674030899593 101336.0 121
1674030908274 96160.0 122
1674030918062 96416.0 123
1674030926726 93672.0 124
1674030936593 92272.0 125
1674030946346 89976.0 126
1674030956124 90264.0 127
1674030964820 92072.0 128
1674030973484 86896.0 129
1674030983275 87880.0 130
1674030991955 85192.0 131
1674031001719 86704.0 132
1674031010419 84224.0 133
1674031020215 81872.0 134
1674031031249 78712.0 135
1674031042401 81504.0 136
1674031051610 79680.0 137
1674031060351 78472.0 138
1674031070365 78392.0 139
1674031080269 74360.0 140
1674031091550 73000.0 141
1674031109016 71144.0 142
1674031126582 69800.0 143
1674031145216 63784.0 144
1674031163596 61360.0 145
1674031181120 60416.0 146
1674031198472 56496.0 147
1674031216772 54344.0 148
1674031236427 58232.0 149
