1673955290330 9124133.0 0
1673955306540 8308019.0 1
1673955324145 3766126.0 2
1673955340729 3736246.0 3
1673955356484 3697758.0 4
1673955372358 3745948.0 5
1673955386695 2738002.0 6
1673955402346 2312812.0 7
1673955417916 2357720.0 8
1673955432195 2379148.0 9
1673955448784 2447796.0 10
1673955463128 2478372.0 11
1673955477255 2518732.0 12
1673955491346 2573956.0 13
1673955505466 2567748.0 14
1673955519602 2557496.0 15
1673955533686 2615192.0 16
1673955547764 2545272.0 17
1673955563493 2524796.0 18
1673955578827 2120576.0 19
1673955594253 37912.0 20
1673955609937 19064.0 21
1673955625220 20744.0 22
1673955639224 21712.0 23
1673955653266 21680.0 24
1673955667225 24784.0 25
1673955682589 20952.0 26
1673955697662 21728.0 27
1673955711453 21488.0 28
1673955725309 21976.0 29
1673955739164 23000.0 30
1673955753002 21648.0 31
1673955766817 23144.0 32
1673955780615 23272.0 33
1673955794747 23344.0 34
1673955811046 22000.0 35
1673955824671 23696.0 36
1673955838216 23600.0 37
1673955851766 23376.0 38
1673955865357 23808.0 39
1673955878894 24448.0 40
1673955892454 23704.0 41
1673955906035 23456.0 42
1673955920758 23264.0 43
1673955936213 24488.0 44
1673955949863 23840.0 45
1673955963421 24216.0 46
