1673959192242 9502475.0 0
1673959209253 8186221.0 1
1673959226142 4119188.0 2
1673959242993 3996800.0 3
1673959259875 3959842.0 4
1673959276940 3921338.0 5
1673959295670 2412432.0 6
1673959312311 2389744.0 7
1673959328846 2461540.0 8
1673959343900 2566692.0 9
1673959358929 2675740.0 10
1673959373951 2699512.0 11
1673959389031 2776484.0 12
1673959406124 2691552.0 13
1673959421897 2652272.0 14
1673959437030 2711156.0 15
1673959452087 2614520.0 16
1673959467056 2719328.0 17
1673959481890 2055564.0 18
1673959498277 14608.0 19
1673959514724 14720.0 20
1673959532083 18520.0 21
1673959546829 22656.0 22
1673959561642 16592.0 23
1673959576403 16392.0 24
1673959591148 15936.0 25
1673959605886 15760.0 26
1673959620829 15768.0 27
1673959636094 16760.0 28
1673959653235 16864.0 29
1673959667975 16768.0 30
1673959682746 16984.0 31
1673959697473 18008.0 32
1673959712195 16888.0 33
1673959726814 16488.0 34
1673959741509 17240.0 35
1673959756732 16952.0 36
1673959773629 15840.0 37
1673959788342 17352.0 38
1673959803039 16584.0 39
1673959817742 17272.0 40
1673959832416 17176.0 41
1673959847110 16520.0 42
1673959861765 17272.0 43
1673959876975 18304.0 44
