1674069616062 6971879.5 0
1674069632597 6317558.5 1
1674069649034 4437016.0 2
1674069665425 2170630.0 3
1674069681765 2187438.0 4
1674069696976 2144058.0 5
1674069713216 2072290.0 6
1674069729336 2084722.0 7
1674069744544 1998966.0 8
1674069760773 2035118.0 9
1674069775666 1810152.0 10
1674069791745 1515316.0 11
1674069808044 1513788.0 12
1674069824035 1535344.0 13
1674069838804 1487308.0 14
1674069854848 1471208.0 15
1674069870740 1456308.0 16
1674069886545 1472340.0 17
1674069901351 1428612.0 18
1674069917105 1408400.0 19
1674069932815 1397840.0 20
1674069948604 1377428.0 21
1674069964375 1364100.0 22
1674069980197 1354236.0 23
1674069996057 1315768.0 24
1674070011794 1349412.0 25
1674070026504 1293712.0 26
1674070042289 1282372.0 27
1674070057966 1274216.0 28
1674070073713 1288916.0 29
1674070088252 1277844.0 30
1674070102867 1259472.0 31
1674070118530 1231244.0 32
1674070134139 1245672.0 33
1674070148707 1220892.0 34
1674070164478 203528.0 35
1674070180133 158160.0 36
1674070195785 160408.0 37
1674070210302 159616.0 38
1674070224909 159448.0 39
1674070239433 160800.0 40
1674070253978 161992.0 41
1674070268474 163336.0 42
1674070283135 161768.0 43
1674070297611 164424.0 44
1674070312052 168424.0 45
1674070326578 163616.0 46
1674070341083 167128.0 47
1674070355514 165736.0 48
1674070369969 166656.0 49
1674070384391 166464.0 50
1674070398837 168784.0 51
1674070413216 167824.0 52
1674070427686 163464.0 53
1674070442397 171936.0 54
1674070456803 168248.0 55
1674070471127 168760.0 56
1674070485582 171264.0 57
1674070500073 167080.0 58
1674070514503 165856.0 59
1674070528906 165536.0 60
1674070543291 168192.0 61
