1673892912473 51330.3671875 0
1673892912520 46932.546875 1
1673892912567 44703.7578125 2
1673892912614 43358.0 3
1673892912670 84920.765625 4
1673892912701 41582.8125 5
1673892912763 40864.1875 6
1673892912810 40117.9375 7
1673892912857 39552.34375 8
1673892912904 39063.9375 9
1673892912951 38656.71875 10
1673892913013 38112.6875 11
1673892913060 37580.375 12
1673892913107 74814.75 13
1673892913138 74210.8125 14
1673892913186 37006.4375 15
1673892913233 36721.0625 16
1673892913280 36297.125 17
1673892913327 36128.0625 18
1673892913374 36025.5 19
1673892913420 71747.8125 20
1673892913467 71314.5 21
1673892913514 35125.375 22
1673892913561 35256.625 23
1673892913592 35001.75 24
1673892913639 34993.625 25
1673892913712 34836.875 26
1673892913743 69610.875 27
1673892913790 69484.75 28
1673892913836 69658.5 29
1673892913884 34880.0 30
1673892913916 69300.5 31
1673892913962 34442.25 32
1673892914009 34586.0 33
1673892914056 34441.75 34
1673892914103 68826.75 35
1673892914134 34234.625 36
1673892914181 68332.375 37
1673892914228 34181.375 38
1673892914275 34157.25 39
1673892914322 34008.75 40
1673892914369 34047.0 41
1673892914415 34071.625 42
1673892914447 67739.5 43
1673892914493 33903.5 44
1673892914540 33814.375 45
1673892914587 33761.75 46
1673892914634 67404.0 47
1673892914681 33538.5 48
1673892914728 33730.0 49
1673892914775 67181.75 50
1673892914822 66753.75 51
1673892914868 33673.0 52
1673892914900 33397.75 53
1673892914947 66660.5 54
1673892914993 66345.5 55
1673892915040 66606.5 56
1673892915087 66292.5 57
1673892915118 32963.75 58
1673892915165 66291.25 59
1673892915212 32940.75 60
1673892915259 32801.75 61
1673892915321 66169.25 62
1673892915353 33125.5 63
1673892915400 32857.25 64
1673892915446 32793.75 65
1673892915509 65482.75 66
1673892915556 65755.25 67
1673892915603 32808.5 68
1673892915644 32843.25 69
1673892915691 32629.25 70
1673892915737 32671.5 71
1673892915784 32648.25 72
1673892915832 32601.0 73
1673892915895 65367.75 74
1673892915941 32667.75 75
1673892915988 64979.5 76
1673892916035 32466.75 77
1673892916082 65015.75 78
1673892916129 32507.75 79
1673892916176 64906.25 80
1673892916223 64749.0 81
1673892916269 32332.5 82
1673892916316 32447.0 83
1673892916363 64617.5 84
1673892916410 32430.25 85
1673892916457 32398.75 86
1673892916504 64663.25 87
1673892916551 64551.0 88
1673892916598 60494.75 89
1673892916644 57799.0 90
1673892916691 57384.0 91
1673892916738 57482.0 92
1673892916785 28725.5 93
1673892916832 28834.5 94
1673892916894 28713.0 95
1673892916941 28499.0 96
1673892916997 28513.0 97
1673892917028 57166.5 98
1673892917091 57346.5 99
1673892917138 57205.0 100
1673892917184 28618.0 101
1673892917232 28504.0 102
1673892917279 28498.0 103
1673892917326 57078.0 104
1673892917373 28614.5 105
1673892917420 56954.0 106
1673892917467 56762.5 107
1673892917513 28456.0 108
1673892917560 56453.5 109
1673892917607 28536.0 110
1673892917654 56771.5 111
1673892917701 56556.5 112
1673892917748 28294.0 113
1673892917795 28240.5 114
1673892917841 28246.5 115
1673892917888 28150.5 116
1673892917951 56457.0 117
1673892918005 28091.0 118
1673892918042 27960.5 119
1673892918105 28283.0 120
1673892918151 28100.0 121
1673892918198 28131.5 122
1673892918246 28190.0 123
1673892918293 55845.0 124
1673892918340 55907.5 125
1673892918375 27944.0 126
1673892918437 27889.5 127
1673892918484 55602.5 128
1673892918531 55532.0 129
1673892918579 27838.0 130
1673892918626 55791.5 131
1673892918673 27802.0 132
1673892918720 27847.5 133
1673892918767 55432.5 134
1673892918813 27518.5 135
1673892918860 27700.0 136
1673892918907 55104.0 137
1673892918954 27682.5 138
1673892919001 27640.0 139
1673892919048 27455.0 140
1673892919110 27649.0 141
1673892919157 27515.5 142
1673892919204 54910.5 143
1673892919251 27573.0 144
1673892919282 54666.0 145
1673892919329 27330.5 146
1673892919391 54686.5 147
1673892919423 54447.5 148
1673892919469 27179.0 149
