1673893160168 70077.46875 0
1673893160214 62815.484375 1
1673893160293 56913.84375 2
1673893160339 106318.703125 3
1673893160402 49238.0625 4
1673893160464 47417.625 5
1673893160511 45871.0 6
1673893160574 45448.09375 7
1673893160636 89401.21875 8
1673893160683 44450.9375 9
1673893160756 43825.375 10
1673893160805 87023.9375 11
1673893160867 43533.375 12
1673893160930 86592.0625 13
1673893160992 86177.1875 14
1673893161039 42990.5625 15
1673893161102 85229.1875 16
1673893161149 42605.75 17
1673893161211 42878.125 18
1673893161258 85002.25 19
1673893161320 84552.875 20
1673893161367 84515.875 21
1673893161430 42008.75 22
1673893161492 84083.375 23
1673893161539 42068.75 24
1673893161602 83919.625 25
1673893161649 41817.25 26
1673893161711 83381.25 27
1673893161758 41775.25 28
1673893161820 83305.625 29
1673893161889 83285.0 30
1673893161951 41582.25 31
1673893162014 79581.375 32
1673893162076 38101.0 33
1673893162139 76444.5 34
1673893162201 76386.0 35
1673893162264 76017.25 36
1673893162326 37888.75 37
1673893162389 76233.25 38
1673893162451 76081.0 39
1673893162498 38195.5 40
1673893162561 76080.5 41
1673893162623 38163.0 42
1673893162686 38234.0 43
1673893162748 38199.5 44
1673893162811 76578.75 45
1673893162873 75910.25 46
1673893162935 75897.5 47
1673893162998 75693.5 48
1673893163045 38030.75 49
1673893163107 37984.75 50
1673893163177 75936.0 51
1673893163227 38005.5 52
1673893163290 75628.75 53
1673893163352 75429.0 54
1673893163416 75131.0 55
1673893163494 75822.0 56
1673893163556 75590.5 57
1673893163619 75732.0 58
1673893163681 75431.0 59
1673893163732 37538.25 60
1673893163795 37780.25 61
1673893163857 37838.75 62
1673893163920 37736.75 63
1673893163983 37670.75 64
1673893164046 75225.0 65
1673893164108 37525.0 66
1673893164170 72938.25 67
1673893164233 70468.0 68
1673893164295 70084.0 69
1673893164358 70242.5 70
1673893164420 70229.5 71
1673893164476 70360.5 72
1673893164539 34958.5 73
1673893164601 69932.0 74
1673893164665 70168.0 75
1673893164727 70523.0 76
1673893164790 69809.5 77
1673893164852 69771.0 78
1673893164915 35016.0 79
1673893164977 69873.5 80
1673893165040 34827.5 81
1673893165102 34846.5 82
1673893165153 34784.0 83
1673893165231 35044.5 84
1673893165294 70232.0 85
1673893165357 35040.5 86
1673893165419 69560.5 87
1673893165482 69341.5 88
1673893165544 34652.0 89
1673893165607 69898.5 90
1673893165669 35206.5 91
1673893165732 34802.5 92
1673893165794 69579.0 93
1673893165841 34848.5 94
1673893165904 34684.0 95
1673893165966 69402.5 96
1673893166029 69696.5 97
1673893166091 34818.0 98
1673893166154 34724.0 99
1673893166200 34593.5 100
1673893166263 34850.5 101
1673893166325 69389.0 102
1673893166388 34891.5 103
1673893166450 69407.5 104
1673893166522 34874.0 105
1673893166569 69182.0 106
1673893166631 69299.5 107
1673893166694 34463.5 108
1673893166757 34658.0 109
1673893166819 34487.0 110
1673893166882 69110.0 111
1673893166944 34585.5 112
1673893167007 69148.0 113
1673893167069 68887.5 114
1673893167132 68733.5 115
1673893167179 68557.5 116
1673893167241 34249.5 117
1673893167304 34246.0 118
1673893167366 68811.5 119
1673893167429 34427.0 120
1673893167491 34275.0 121
1673893167538 68636.5 122
1673893167600 68651.5 123
1673893167663 34542.0 124
1673893167725 68817.5 125
1673893167788 68523.0 126
1673893167844 68263.0 127
1673893167906 34050.5 128
1673893167969 68525.5 129
1673893168031 34184.0 130
1673893168094 34234.0 131
1673893168156 34015.0 132
1673893168218 34332.5 133
1673893168265 34027.0 134
1673893168328 34171.0 135
1673893168390 68130.0 136
1673893168437 34030.0 137
1673893168500 68141.5 138
1673893168562 68154.0 139
1673893168625 34077.5 140
1673893168687 34067.0 141
1673893168750 33868.0 142
1673893168812 33984.0 143
1673893168875 68075.0 144
1673893168937 67953.0 145
1673893169000 68134.5 146
1673893169062 33738.0 147
1673893169125 29910.5 148
1673893169196 53148.0 149
