1673896255654 90842.0234375 0
1673896255686 57749.3984375 1
1673896255733 50863.640625 2
1673896255764 46300.015625 3
1673896255811 43125.421875 4
1673896255842 28317.5625 5
1673896255889 39334.75 6
1673896255920 38042.40625 7
1673896255967 36711.25 8
1673896255998 35588.90625 9
1673896256029 35143.53125 10
1673896256061 34662.65625 11
1673896256092 23072.375 12
1673896256139 32851.9375 13
1673896256201 31975.9375 14
1673896256232 32119.9375 15
1673896256264 31625.375 16
1673896256311 30789.3125 17
1673896256343 30099.375 18
1673896256374 29974.9375 19
1673896256405 29429.8125 20
1673896256445 29194.5 21
1673896256478 29100.8125 22
1673896256525 28601.9375 23
1673896256556 28501.125 24
1673896256587 28194.5 25
1673896256618 28450.875 26
1673896256650 27973.125 27
1673896256681 27699.9375 28
1673896256713 27402.25 29
1673896256744 18795.5 30
1673896256791 27051.625 31
1673896256822 18487.25 32
1673896256854 18330.875 33
1673896256885 26834.25 34
1673896256916 26924.5 35
1673896256963 26238.0 36
1673896256994 26554.5 37
1673896257025 26098.125 38
1673896257057 17886.625 39
1673896257088 17923.625 40
1673896257119 25907.75 41
1673896257150 25912.875 42
1673896257182 25537.125 43
1673896257213 25753.5 44
1673896257244 25774.5 45
1673896257291 25358.0 46
1673896257322 25391.75 47
1673896257353 25022.625 48
1673896257385 25521.5 49
1673896257416 17275.625 50
1673896257447 25067.5 51
1673896257494 25167.875 52
1673896257519 24908.5 53
1673896257550 17006.75 54
1673896257581 25074.5 55
1673896257612 24827.375 56
1673896257645 17091.875 57
1673896257676 16752.25 58
1673896257723 24396.125 59
1673896257754 24550.625 60
1673896257785 24966.875 61
1673896257816 16879.625 62
1673896257848 24427.5 63
1673896257879 16714.5 64
1673896257910 24501.125 65
1673896257941 24449.25 66
1673896257973 16789.75 67
1673896258004 16609.0 68
1673896258035 16525.875 69
1673896258066 16557.125 70
1673896258098 23961.25 71
1673896258129 16594.0 72
1673896258176 23911.875 73
1673896258207 23866.125 74
1673896258238 23909.25 75
1673896258269 15880.25 76
1673896258301 15940.5 77
1673896258332 23121.25 78
1673896258363 23069.5 79
1673896258410 23209.25 80
1673896258441 15870.25 81
1673896258472 23175.25 82
1673896258504 22666.25 83
1673896258551 23025.25 84
1673896258582 15654.0 85
1673896258613 23022.0 86
1673896258644 23027.25 87
1673896258691 22738.75 88
1673896258722 22527.5 89
1673896258754 15808.0 90
1673896258785 22776.75 91
1673896258832 22804.0 92
1673896258863 22743.75 93
1673896258894 22803.25 94
1673896258926 22553.5 95
1673896258957 22656.25 96
1673896258988 22494.25 97
1673896259019 15634.75 98
1673896259066 22325.5 99
1673896259097 15519.75 100
1673896259129 22264.75 101
1673896259160 22372.25 102
1673896259191 22268.0 103
1673896259222 22400.0 104
1673896259254 15397.25 105
1673896259300 22303.0 106
1673896259332 22129.0 107
1673896259363 22234.5 108
1673896259394 22367.75 109
1673896259435 22436.0 110
1673896259466 22154.25 111
1673896259497 22074.75 112
1673896259529 22307.5 113
1673896259578 22075.25 114
1673896259609 21910.75 115
1673896259640 15237.5 116
1673896259671 22019.25 117
1673896259703 21861.0 118
1673896259734 22010.75 119
1673896259781 21955.75 120
1673896259812 21780.25 121
1673896259843 21828.0 122
1673896259874 15184.0 123
1673896259906 21829.25 124
1673896259937 21811.5 125
1673896259968 21586.75 126
1673896260015 21808.5 127
1673896260036 21649.25 128
1673896260083 21755.0 129
1673896260114 21592.5 130
1673896260146 14789.5 131
1673896260178 14776.75 132
1673896260209 21573.25 133
1673896260240 21580.25 134
1673896260287 21753.0 135
1673896260318 21434.0 136
1673896260350 21505.0 137
1673896260381 21659.25 138
1673896260412 21411.25 139
1673896260443 21398.75 140
1673896260475 14784.0 141
1673896260506 14790.25 142
1673896260537 21538.5 143
1673896260568 21345.25 144
1673896260599 14626.25 145
1673896260631 21183.75 146
1673896260662 14610.75 147
1673896260709 21323.0 148
1673896260740 21370.75 149
