1673896229235 69746.4609375 0
1673896229266 54371.8671875 1
1673896229298 45415.8125 2
1673896229317 41179.953125 3
1673896229348 26316.796875 4
1673896229379 24814.15625 5
1673896229412 34564.703125 6
1673896229427 23028.6875 7
1673896229458 22238.9375 8
1673896229490 21831.5 9
1673896229521 30415.84375 10
1673896229552 30490.4375 11
1673896229568 29487.71875 12
1673896229599 29200.78125 13
1673896229630 28840.375 14
1673896229646 28112.09375 15
1673896229677 27762.3125 16
1673896229708 27301.875 17
1673896229724 27262.1875 18
1673896229755 18514.6875 19
1673896229786 26416.6875 20
1673896229802 26315.125 21
1673896229833 25963.8125 22
1673896229865 25504.3125 23
1673896229880 17449.5625 24
1673896229911 17347.5 25
1673896229941 17592.5625 26
1673896229973 24934.0625 27
1673896230004 24706.125 28
1673896230035 24425.875 29
1673896230057 24385.8125 30
1673896230089 24239.875 31
1673896230104 16886.5625 32
1673896230136 24286.1875 33
1673896230167 24438.125 34
1673896230182 16486.125 35
1673896230214 23276.5625 36
1673896230245 23710.3125 37
1673896230276 23578.75 38
1673896230307 23341.0 39
1673896230323 23109.125 40
1673896230354 16053.5 41
1673896230385 23135.375 42
1673896230401 15880.125 43
1673896230432 15841.875 44
1673896230464 16008.75 45
1673896230479 15645.0 46
1673896230510 22623.375 47
1673896230542 15796.0 48
1673896230557 22425.75 49
1673896230589 22557.875 50
1673896230620 22622.5 51
1673896230635 15508.375 52
1673896230667 15296.0 53
1673896230698 15445.0 54
1673896230729 22159.5 55
1673896230745 15102.5 56
1673896230776 22023.0 57
1673896230807 22210.375 58
1673896230823 21860.625 59
1673896230854 21734.5 60
1673896230885 21941.25 61
1673896230901 21510.5 62
1673896230932 21811.0 63
1673896230948 21612.625 64
1673896230979 14894.25 65
1673896231010 14998.5 66
1673896231042 21618.625 67
1673896231057 21586.5 68
1673896231088 21465.125 69
1673896231104 15005.0 70
1673896231135 21426.25 71
1673896231167 21551.75 72
1673896231182 21341.5 73
1673896231213 14625.875 74
1673896231245 21223.375 75
1673896231276 21432.5 76
1673896231291 21323.875 77
1673896231323 21226.5 78
1673896231354 14674.375 79
1673896231381 20915.25 80
1673896231396 14293.375 81
1673896231428 14547.625 82
1673896231443 14373.625 83
1673896231475 20769.875 84
1673896231491 20722.875 85
1673896231522 20913.0 86
1673896231553 20922.625 87
1673896231569 20899.375 88
1673896231600 21255.5 89
1673896231632 20707.0 90
1673896231647 14264.0 91
1673896231678 19901.25 92
1673896231710 13981.5 93
1673896231741 19964.75 94
1673896231757 13882.25 95
1673896231788 19857.5 96
1673896231819 20043.25 97
1673896231835 14126.0 98
1673896231866 20263.5 99
1673896231882 19867.0 100
1673896231913 13929.5 101
1673896231944 19956.0 102
1673896231960 20099.75 103
1673896231991 13767.5 104
1673896232022 13749.25 105
1673896232053 19653.0 106
1673896232069 19734.5 107
1673896232100 19747.0 108
1673896232116 19745.25 109
1673896232147 13668.25 110
1673896232178 19644.25 111
1673896232210 19651.75 112
1673896232225 13644.75 113
1673896232256 13727.75 114
1673896232272 13662.75 115
1673896232303 13270.5 116
1673896232335 13619.25 117
1673896232350 19379.5 118
1673896232381 19752.75 119
1673896232413 19665.0 120
1673896232428 19475.25 121
1673896232460 19754.5 122
1673896232491 19387.25 123
1673896232506 19860.0 124
1673896232538 13136.25 125
1673896232569 19514.25 126
1673896232584 13443.0 127
1673896232616 13421.25 128
1673896232631 13319.0 129
1673896232663 19624.5 130
1673896232694 19680.5 131
1673896232709 13107.75 132
1673896232741 13458.0 133
1673896232772 13519.5 134
1673896232788 19260.0 135
1673896232819 19230.5 136
1673896232850 19308.0 137
1673896232881 19027.0 138
1673896232897 13196.5 139
1673896232928 13605.0 140
1673896232944 19335.75 141
1673896232975 19286.25 142
1673896233006 13403.5 143
1673896233022 13248.75 144
1673896233053 13542.75 145
1673896233069 19250.25 146
1673896233100 19004.75 147
1673896233131 13183.25 148
1673896233147 19141.0 149
