1674056029281 6717171.5 0
1674056047415 5768280.5 1
1674056065327 4668264.0 2
1674056082973 2016440.0 3
1674056100628 2105414.0 4
1674056116677 2057542.0 5
1674056132523 2004850.0 6
1674056150079 1952740.0 7
1674056167313 1981546.0 8
1674056183693 1917196.0 9
1674056202957 1915020.0 10
1674056220120 1578564.0 11
1674056237251 1463672.0 12
1674056254331 1496532.0 13
1674056270018 1507624.0 14
1674056285439 1449348.0 15
1674056302685 1456500.0 16
1674056318172 1421832.0 17
1674056335540 1420268.0 18
1674056353024 1444564.0 19
1674056368690 1358520.0 20
1674056385659 1373156.0 21
1674056401162 1352816.0 22
1674056419046 1319840.0 23
1674056437601 1329420.0 24
1674056452933 1299196.0 25
1674056470403 1283384.0 26
1674056487255 1283476.0 27
1674056502360 1235516.0 28
1674056519631 1200200.0 29
1674056536477 1206120.0 30
1674056551820 1170220.0 31
1674056568803 1127844.0 32
1674056585561 1118128.0 33
1674056603940 1093852.0 34
1674056621613 1089064.0 35
1674056638347 935848.0 36
1674056655166 91744.0 37
1674056671959 88208.0 38
1674056688635 88864.0 39
1674056703722 86944.0 40
1674056720349 89784.0 41
1674056735515 87952.0 42
1674056750845 86216.0 43
1674056768012 86200.0 44
1674056786491 85072.0 45
1674056803601 86944.0 46
1674056818638 84072.0 47
1674056834680 86264.0 48
1674056850054 87608.0 49
1674056864989 86152.0 50
1674056879903 85168.0 51
1674056894792 83456.0 52
1674056910619 82776.0 53
1674056928624 82072.0 54
1674056945823 80608.0 55
1674056962455 81904.0 56
1674056977628 82152.0 57
1674056992581 80632.0 58
1674057007505 80768.0 59
1674057024097 79408.0 60
1674057041794 80248.0 61
1674057056942 80736.0 62
1674057071869 76072.0 63
1674057088606 79200.0 64
1674057103716 78600.0 65
1674057118597 77608.0 66
1674057133526 77408.0 67
1674057148422 76080.0 68
1674057163353 73728.0 69
1674057180123 76000.0 70
1674057195205 74824.0 71
1674057212453 75992.0 72
1674057228006 72728.0 73
1674057244812 73456.0 74
1674057259757 74584.0 75
1674057274620 72440.0 76
1674057291244 72936.0 77
1674057306321 72240.0 78
1674057322956 69832.0 79
1674057339415 69904.0 80
1674057354400 68984.0 81
1674057371024 67584.0 82
1674057390396 68864.0 83
1674057405821 67448.0 84
1674057422365 65248.0 85
1674057438805 68808.0 86
1674057453945 66464.0 87
1674057468557 64480.0 88
1674057485043 65024.0 89
1674057499975 66088.0 90
1674057514915 65000.0 91
1674057531519 64360.0 92
1674057560990 62264.0 93
1674057591629 61088.0 94
1674057622415 64704.0 95
1674057651254 62288.0 96
1674057678778 61656.0 97
1674057706990 60000.0 98
1674057738490 58360.0 99
1674057770081 59560.0 100
1674057798216 57696.0 101
1674057828054 59552.0 102
1674057856721 57400.0 103
1674057888999 53808.0 104
1674057918303 57016.0 105
1674057944908 53944.0 106
1674057972954 55272.0 107
1674057999379 54104.0 108
1674058026425 52000.0 109
1674058056561 52344.0 110
1674058083298 51712.0 111
1674058112212 52280.0 112
1674058138764 50632.0 113
1674058167770 50664.0 114
1674058194508 48320.0 115
1674058224547 49240.0 116
1674058252790 47976.0 117
1674058283328 49392.0 118
1674058311901 47232.0 119
1674058342780 47808.0 120
1674058371017 45648.0 121
1674058399995 43896.0 122
1674058430844 46312.0 123
1674058461075 47640.0 124
1674058489718 43136.0 125
1674058518838 42968.0 126
1674058549875 42168.0 127
1674058580831 42696.0 128
1674058609606 40688.0 129
1674058639906 40216.0 130
1674058668934 38520.0 131
1674058699596 38240.0 132
1674058729170 37112.0 133
1674058758049 35888.0 134
1674058788963 36456.0 135
1674058815585 34336.0 136
1674058846762 34376.0 137
1674058875436 34216.0 138
1674058904736 31024.0 139
1674058935745 32224.0 140
1674058963705 29048.0 141
1674058994062 28920.0 142
1674059025502 28528.0 143
1674059055982 27416.0 144
1674059086061 27424.0 145
1674059112547 24680.0 146
1674059142921 24080.0 147
1674059174768 25160.0 148
1674059205625 26288.0 149
