1674043666313 4738807.0 0
1674043685588 3140219.0 1
1674043706204 3477884.0 2
1674043723139 3263576.0 3
1674043739361 2464622.0 4
1674043759610 1347142.0 5
1674043779465 1364626.0 6
1674043795542 1288094.0 7
1674043815405 1312546.0 8
1674043833413 1229860.0 9
1674043854182 1243428.0 10
1674043871716 1216946.0 11
1674043891358 1249814.0 12
1674043907045 1189766.0 13
1674043926479 1189224.0 14
1674043945829 1173620.0 15
1674043964919 1104472.0 16
1674043984373 1139844.0 17
1674044002356 695382.0 18
1674044023221 508632.0 19
1674044041752 464580.0 20
1674044061461 500900.0 21
1674044077926 502636.0 22
1674044094474 491632.0 23
1674044111748 480656.0 24
1674044128935 477016.0 25
1674044146264 489324.0 26
1674044163389 483944.0 27
1674044179544 477436.0 28
1674044198488 484260.0 29
1674044216588 479804.0 30
1674044234174 485912.0 31
1674044251656 489472.0 32
1674044267484 483000.0 33
1674044285263 481720.0 34
1674044301562 483736.0 35
1674044319225 464120.0 36
1674044337792 479692.0 37
1674044354992 478612.0 38
1674044372272 463268.0 39
1674044390633 465524.0 40
1674044407478 482360.0 41
1674044425716 472196.0 42
1674044444450 489500.0 43
1674044461649 468728.0 44
1674044478715 482780.0 45
1674044494502 473816.0 46
1674044512497 470600.0 47
1674044529736 469512.0 48
1674044546687 456076.0 49
1674044565795 472628.0 50
1674044581428 467304.0 51
1674044599111 471756.0 52
1674044617715 441832.0 53
1674044637832 460808.0 54
1674044655135 475764.0 55
1674044671556 461044.0 56
1674044688538 467548.0 57
1674044705860 441432.0 58
1674044724903 473876.0 59
1674044741858 449108.0 60
1674044759060 458588.0 61
1674044774940 454192.0 62
1674044794147 477472.0 63
1674044812264 440840.0 64
1674044829974 458176.0 65
1674044847915 453936.0 66
1674044864201 455520.0 67
1674044881679 450924.0 68
1674044898138 461488.0 69
1674044915244 440068.0 70
1674044934417 464000.0 71
1674044950542 446804.0 72
1674044968153 456332.0 73
1674044984596 448072.0 74
1674045001698 423556.0 75
1674045020527 444820.0 76
1674045037867 425960.0 77
1674045056255 446044.0 78
1674045073893 456572.0 79
1674045089853 449860.0 80
1674045107390 423040.0 81
1674045125511 457012.0 82
1674045140942 433060.0 83
1674045158412 436152.0 84
1674045174167 434972.0 85
1674045191563 424052.0 86
1674045207769 413056.0 87
1674045226493 450828.0 88
1674045243713 423920.0 89
1674045262131 409940.0 90
1674045281058 104592.0 91
1674045298052 102504.0 92
1674045316899 101232.0 93
1674045335674 104080.0 94
1674045344968 99816.0 95
1674045354920 100616.0 96
1674045364137 101960.0 97
1674045372998 100528.0 98
1674045382734 97448.0 99
1674045394234 99504.0 100
1674045403116 101488.0 101
1674045411873 97896.0 102
1674045420592 98496.0 103
1674045429332 97992.0 104
1674045438048 94856.0 105
1674045447846 91480.0 106
1674045457658 91456.0 107
1674045467383 94960.0 108
1674045476138 92352.0 109
1674045484873 96408.0 110
1674045493660 90824.0 111
1674045503388 91672.0 112
1674045512065 90096.0 113
1674045521908 90496.0 114
1674045530543 90552.0 115
1674045539224 90536.0 116
1674045547916 85552.0 117
1674045557680 88456.0 118
1674045566289 87408.0 119
1674045575002 84584.0 120
1674045584727 84656.0 121
1674045593453 84856.0 122
1674045602169 83440.0 123
1674045611930 82040.0 124
1674045621693 82312.0 125
1674045630582 81912.0 126
1674045640427 80432.0 127
1674045650264 80856.0 128
1674045658943 78104.0 129
1674045668718 79136.0 130
1674045677433 76624.0 131
1674045687215 75952.0 132
1674045696972 74824.0 133
1674045706722 74416.0 134
1674045716440 70256.0 135
1674045726261 70552.0 136
1674045734890 71176.0 137
1674045743559 70592.0 138
1674045752249 68760.0 139
1674045762044 64880.0 140
1674045771785 67232.0 141
1674045780461 63416.0 142
1674045790266 62264.0 143
1674045799976 61024.0 144
1674045809694 59336.0 145
1674045819535 58704.0 146
1674045829357 56248.0 147
1674045839133 57576.0 148
1674045848426 55776.0 149
