1673896094506 94885.6328125 0
1673896094537 72352.1328125 1
1673896094584 66437.65625 2
1673896094615 61634.390625 3
1673896094662 57822.25 4
1673896094693 55436.75 5
1673896094738 53712.75 6
1673896094778 52324.96875 7
1673896094818 51191.40625 8
1673896094858 50370.25 9
1673896094898 49808.0 10
1673896094944 49222.5 11
1673896094988 48647.1875 12
1673896095020 48204.875 13
1673896095066 47900.6875 14
1673896095098 47322.25 15
1673896095144 47398.625 16
1673896095177 47210.5625 17
1673896095229 47044.5 18
1673896095261 47124.75 19
1673896095292 47155.5 20
1673896095339 47077.125 21
1673896095370 32389.625 22
1673896095421 46680.25 23
1673896095457 46674.25 24
1673896095490 46517.25 25
1673896095522 46239.625 26
1673896095569 45929.875 27
1673896095600 46210.875 28
1673896095637 45641.625 29
1673896095678 45793.625 30
1673896095730 45711.75 31
1673896095761 45201.375 32
1673896095792 45079.875 33
1673896095824 45103.75 34
1673896095871 44761.875 35
1673896095902 44852.125 36
1673896095933 44905.0 37
1673896095964 30808.5 38
1673896095996 44766.75 39
1673896096042 44386.875 40
1673896096074 44350.125 41
1673896096105 42768.5 42
1673896096136 40667.5 43
1673896096183 40602.0 44
1673896096214 40910.25 45
1673896096245 40827.5 46
1673896096292 28067.5 47
1673896096324 40726.0 48
1673896096355 40746.75 49
1673896096402 40710.5 50
1673896096433 40673.5 51
1673896096480 40585.25 52
1673896096511 40596.25 53
1673896096558 40695.0 54
1673896096589 40624.25 55
1673896096620 40583.25 56
1673896096652 40578.5 57
1673896096698 40510.25 58
1673896096730 40364.0 59
1673896096761 40430.75 60
1673896096808 40366.75 61
1673896096839 40248.75 62
1673896096886 40486.75 63
1673896096917 40480.75 64
1673896096948 40458.25 65
1673896096995 40351.5 66
1673896097027 40214.0 67
1673896097058 40254.5 68
1673896097105 40203.75 69
1673896097136 40252.75 70
1673896097167 40090.0 71
1673896097214 40154.0 72
