1673896115524 70372.203125 0
1673896115555 37813.7421875 1
1673896115571 48208.2109375 2
1673896115602 30294.765625 3
1673896115633 28381.40625 4
1673896115649 26521.28125 5
1673896115680 36361.171875 6
1673896115711 24550.65625 7
1673896115742 34150.59375 8
1673896115758 33807.6875 9
1673896115789 22636.125 10
1673896115820 33060.15625 11
1673896115836 32431.25 12
1673896115867 22215.9375 13
1673896115899 32130.4375 14
1673896115914 31711.8125 15
1673896115945 31500.0 16
1673896115977 31729.8125 17
1673896116008 31351.9375 18
1673896116024 31049.5625 19
1673896116055 21235.3125 20
1673896116086 31115.125 21
1673896116102 31027.1875 22
1673896116133 30828.125 23
1673896116164 30760.625 24
1673896116195 30592.9375 25
1673896116219 30342.75 26
1673896116250 30668.375 27
1673896116266 21372.875 28
1673896116297 30536.9375 29
1673896116328 30534.0625 30
1673896116360 30475.3125 31
1673896116375 30701.875 32
1673896116407 30679.0 33
1673896116439 30235.5 34
1673896116454 30225.625 35
1673896116486 20747.375 36
1673896116517 30362.375 37
1673896116532 30474.25 38
1673896116564 30072.0 39
1673896116579 30167.375 40
1673896116610 30143.75 41
1673896116642 29851.25 42
1673896116673 30261.625 43
1673896116689 20749.25 44
1673896116720 30183.125 45
1673896116735 29951.0 46
1673896116767 20897.875 47
1673896116798 30111.125 48
1673896116814 20571.0 49
1673896116845 20690.375 50
1673896116860 20868.25 51
1673896116892 20772.875 52
1673896116923 20674.875 53
1673896116939 30088.875 54
1673896116970 29984.125 55
1673896116985 30104.625 56
1673896117017 30012.75 57
1673896117048 29591.375 58
1673896117079 29716.875 59
1673896117095 20585.125 60
1673896117126 30273.125 61
1673896117157 29645.0 62
1673896117173 29900.375 63
1673896117204 20616.125 64
1673896117220 30112.5 65
1673896117251 29585.0 66
1673896117282 30175.625 67
1673896117307 20463.5 68
1673896117323 29938.25 69
1673896117354 20648.5 70
1673896117385 20496.625 71
1673896117401 27839.0 72
1673896117433 19019.0 73
1673896117448 27864.5 74
1673896117480 27655.75 75
1673896117511 27891.75 76
1673896117527 27523.25 77
1673896117558 27466.5 78
1673896117589 19308.25 79
1673896117605 27476.25 80
1673896117636 18715.0 81
1673896117651 19120.75 82
1673896117683 18988.25 83
1673896117714 19095.5 84
1673896117730 27335.5 85
1673896117761 19176.25 86
1673896117776 27883.5 87
1673896117808 18929.0 88
1673896117839 27635.75 89
1673896117855 27813.25 90
1673896117886 27451.5 91
1673896117917 27142.5 92
1673896117933 19066.75 93
1673896117964 19002.75 94
1673896117980 27333.75 95
1673896118011 27222.0 96
1673896118042 27686.5 97
1673896118058 19271.0 98
1673896118089 27691.5 99
1673896118109 27548.75 100
1673896118140 27351.0 101
1673896118156 18890.75 102
1673896118187 18915.75 103
1673896118202 27307.75 104
1673896118235 18863.5 105
1673896118266 18908.5 106
