1674017333378 4940707.5 0
1674017344488 3733600.5 1
1674017355271 4126946.0 2
1674017364542 3847662.0 3
1674017373862 1766324.0 4
1674017384675 1650820.0 5
1674017395388 1676264.0 6
1674017404585 1715460.0 7
1674017414341 1713128.0 8
1674017425566 1754870.0 9
1674017435425 1742832.0 10
1674017444445 1743802.0 11
1674017453502 1732376.0 12
1674017462525 1585508.0 13
1674017473138 884616.0 14
1674017483597 854168.0 15
1674017494114 883960.0 16
1674017503168 873660.0 17
1674017512331 857148.0 18
1674017521479 849040.0 19
1674017531989 852652.0 20
1674017540899 847048.0 21
1674017551664 864616.0 22
1674017561110 807632.0 23
1674017572029 873968.0 24
1674017581356 837488.0 25
1674017591192 852172.0 26
1674017601161 865416.0 27
1674017611820 846524.0 28
1674017621872 836036.0 29
1674017631413 826268.0 30
1674017640759 844164.0 31
1674017649996 820548.0 32
1674017659343 824964.0 33
1674017668894 832964.0 34
1674017678513 840948.0 35
1674017688034 840392.0 36
1674017697683 812520.0 37
1674017706498 830704.0 38
1674017715285 846440.0 39
1674017724001 813852.0 40
1674017732808 839904.0 41
1674017741539 842160.0 42
1674017750279 829796.0 43
1674017758982 829396.0 44
1674017767721 831524.0 45
1674017777048 842844.0 46
1674017787181 823220.0 47
1674017796251 819972.0 48
