1674101520368 6508688.5 0
1674101534120 5429016.5 1
1674101547835 3923762.0 2
1674101561474 2203267.0 3
1674101575143 1991894.0 4
1674101588706 1945302.0 5
1674101602259 1946422.0 6
1674101614981 1926472.0 7
1674101628432 1905676.0 8
1674101641902 1888154.0 9
1674101655349 1866728.0 10
1674101668704 1847132.0 11
1674101682043 1425598.0 12
1674101695375 1330672.0 13
1674101708703 1307560.0 14
1674101722572 1272648.0 15
1674101735942 1263016.0 16
1674101749200 1249916.0 17
1674101762445 1235772.0 18
1674101775665 1217000.0 19
1674101788866 1206044.0 20
1674101802057 1190688.0 21
1674101815271 1179164.0 22
1674101828406 1170068.0 23
1674101841617 1158920.0 24
1674101854789 1149316.0 25
1674101867936 1138824.0 26
1674101881100 1126760.0 27
1674101894230 1115700.0 28
1674101907319 1106636.0 29
1674101920484 1098200.0 30
1674101933573 1096056.0 31
1674101946646 1088840.0 32
1674101959757 1078820.0 33
1674101972785 1068408.0 34
1674101985857 1060172.0 35
1674101998852 1059160.0 36
1674102011921 1050916.0 37
1674102025402 1049932.0 38
1674102038420 1043220.0 39
1674102051371 1039812.0 40
1674102064327 313952.0 41
1674102077298 190616.0 42
1674102090238 194016.0 43
1674102102294 188056.0 44
1674102115228 191056.0 45
1674102127304 189200.0 46
1674102139347 190616.0 47
1674102151340 187160.0 48
1674102164304 188112.0 49
1674102176343 186656.0 50
1674102189318 183936.0 51
1674102202314 184848.0 52
1674102214345 186000.0 53
1674102226453 183656.0 54
1674102239326 183312.0 55
1674102252248 183800.0 56
1674102264314 182424.0 57
1674102277564 183896.0 58
1674102290075 181560.0 59
1674102303329 182208.0 60
1674102315382 182016.0 61
1674102327398 177048.0 62
1674102340222 178072.0 63
1674102352216 179120.0 64
1674102364250 175944.0 65
1674102377226 175024.0 66
1674102390110 173680.0 67
1674102402940 174456.0 68
1674102414929 173160.0 69
1674102427806 173912.0 70
1674102439736 174320.0 71
1674102451774 172624.0 72
1674102464655 170352.0 73
1674102477516 170904.0 74
1674102489492 168664.0 75
1674102502426 167944.0 76
1674102515254 168264.0 77
1674102527229 167688.0 78
1674102540052 168376.0 79
1674102552000 167736.0 80
1674102564018 163632.0 81
1674102576827 164104.0 82
1674102588764 163496.0 83
1674102601624 160680.0 84
1674102614429 160264.0 85
1674102627238 160400.0 86
1674102639365 158576.0 87
1674102652212 157104.0 88
1674102665072 156368.0 89
1674102677972 156400.0 90
1674102689900 156152.0 91
1674102702654 155128.0 92
1674102715496 153560.0 93
1674102728316 151584.0 94
1674102741213 152056.0 95
1674102753127 150440.0 96
1674102765876 152512.0 97
1674102777776 147176.0 98
1674102790559 146080.0 99
1674102803348 148120.0 100
1674102815243 145064.0 101
1674102828028 146840.0 102
1674102839901 146560.0 103
1674102851768 142416.0 104
1674102864542 142520.0 105
1674102876422 141704.0 106
1674102889164 139552.0 107
1674102901954 141848.0 108
1674102913854 139992.0 109
1674102926104 137472.0 110
1674102938899 136456.0 111
1674102951660 135464.0 112
1674102964425 135032.0 113
1674102977191 135600.0 114
1674102989043 134544.0 115
1674103001780 132512.0 116
1674103014549 131528.0 117
1674103027308 131256.0 118
1674103040046 131552.0 119
1674103051909 128696.0 120
1674103064776 128264.0 121
1674103077536 127744.0 122
1674103090371 129112.0 123
1674103102309 124888.0 124
1674103115076 125672.0 125
1674103127002 127344.0 126
1674103138832 125160.0 127
1674103150627 122520.0 128
1674103163397 124336.0 129
1674103175252 123136.0 130
1674103187081 125296.0 131
1674103199318 124992.0 132
1674103211171 125304.0 133
1674103222971 123968.0 134
1674103234762 126464.0 135
1674103246509 127240.0 136
1674103258264 127528.0 137
1674103270203 128480.0 138
1674103282123 129824.0 139
1674103293928 126800.0 140
1674103305695 128688.0 141
1674103317502 126768.0 142
1674103329310 124336.0 143
1674103341111 124704.0 144
1674103352857 128032.0 145
1674103364635 129888.0 146
1674103376440 131832.0 147
1674103388270 142456.0 148
1674103400089 154648.0 149
