1673893232347 36913.01171875 0
1673893232394 67862.60546875 1
1673893232425 59056.8984375 2
1673893232456 55154.359375 3
1673893232488 52269.5 4
1673893232519 50063.25 5
1673893232566 48068.9375 6
1673893232597 46966.34375 7
1673893232628 22932.59375 8
1673893232675 44985.125 9
1673893232706 44458.1875 10
1673893232738 43125.8125 11
1673893232769 42849.375 12
1673893232800 42428.0625 13
1673893232831 41957.4375 14
1673893232878 41265.375 15
1673893232909 40705.3125 16
1673893232941 40132.4375 17
1673893232972 39911.4375 18
1673893233010 19683.8125 19
1673893233057 39099.8125 20
1673893233088 19667.5 21
1673893233135 38662.3125 22
1673893233166 38521.5625 23
1673893233197 19019.4375 24
1673893233244 37319.5 25
1673893233275 37167.25 26
1673893233307 18145.25 27
1673893233338 36585.5 28
1673893233385 36196.375 29
1673893233416 36321.375 30
1673893233447 17885.0 31
1673893233479 18127.25 32
1673893233511 35590.375 33
1673893233557 35896.125 34
1673893233589 35099.375 35
1673893233620 35146.0 36
1673893233656 35318.5 37
1673893233687 35250.875 38
1673893233718 34882.0 39
1673893233765 34685.625 40
1673893233797 17227.625 41
1673893233828 34647.375 42
1673893233860 17239.625 43
1673893233907 34383.5 44
1673893233938 34339.875 45
1673893233969 34073.75 46
1673893234001 17046.875 47
1673893234032 33907.875 48
1673893234079 33617.875 49
1673893234110 16884.375 50
1673893234141 33959.375 51
1673893234172 33809.875 52
1673893234219 16970.625 53
1673893234251 33564.125 54
1673893234282 33221.125 55
1673893234313 33326.0 56
1673893234344 33421.5 57
1673893234376 33262.625 58
1673893234422 32986.125 59
1673893234454 32619.75 60
1673893234485 32892.0 61
1673893234516 32569.25 62
1673893234547 16538.5 63
1673893234594 16442.0 64
1673893234635 16385.75 65
1673893234666 32173.25 66
1673893234698 16221.5 67
1673893234744 16209.5 68
1673893234776 32303.75 69
1673893234823 32219.5 70
1673893234854 32106.0 71
1673893234886 32043.75 72
1673893234917 16053.0 73
1673893234948 16163.25 74
1673893234995 32445.25 75
1673893235027 15970.0 76
1673893235058 15824.0 77
1673893235105 15894.25 78
1673893235136 31570.5 79
1673893235167 31925.0 80
1673893235198 31314.75 81
1673893235230 31764.25 82
1673893235261 31528.75 83
1673893235308 31593.75 84
1673893235339 31401.0 85
1673893235370 31345.5 86
1673893235401 31589.0 87
1673893235433 31038.25 88
1673893235464 15509.25 89
1673893235511 31235.25 90
1673893235542 31385.25 91
1673893235573 31319.5 92
1673893235604 15714.5 93
1673893235651 31318.0 94
1673893235683 31068.25 95
1673893235714 15509.25 96
1673893235745 15596.25 97
1673893235792 31008.75 98
1673893235823 31015.25 99
1673893235854 30931.75 100
1673893235886 15260.0 101
1673893235933 30959.25 102
1673893235964 15577.5 103
1673893236004 31140.5 104
1673893236035 30869.75 105
1673893236067 30896.0 106
1673893236098 15256.0 107
1673893236145 30746.0 108
1673893236176 15406.0 109
1673893236207 30612.0 110
1673893236239 30677.5 111
1673893236271 30442.5 112
1673893236302 15405.5 113
1673893236349 30463.75 114
1673893236380 30423.5 115
1673893236411 15128.75 116
1673893236458 30534.0 117
1673893236489 30453.25 118
1673893236520 30174.0 119
1673893236552 30444.75 120
1673893236583 30365.0 121
1673893236614 15200.25 122
1673893236661 30380.75 123
1673893236692 30459.5 124
1673893236724 30056.25 125
1673893236755 30250.25 126
1673893236786 30151.75 127
1673893236817 30004.25 128
1673893236864 30254.75 129
1673893236895 30160.75 130
1673893236927 30182.75 131
1673893236958 30416.0 132
1673893236989 29898.75 133
1673893237036 29888.0 134
1673893237067 30175.5 135
1673893237098 15047.5 136
1673893237145 29863.25 137
1673893237177 28871.0 138
1673893237208 28762.0 139
1673893237239 28687.0 140
1673893237270 14628.5 141
1673893237317 14453.0 142
1673893237358 28863.5 143
1673893237389 29016.0 144
1673893237421 28785.5 145
1673893237452 14432.5 146
1673893237499 14294.0 147
1673893237530 29006.0 148
1673893237578 29104.0 149
