1674031104338 4491676.0 0
1674031122523 2970478.0 1
1674031140360 3104527.0 2
1674031156060 2971171.0 3
1674031171622 2393966.0 4
1674031189723 1573476.0 5
1674031208093 1353050.0 6
1674031227009 1365716.0 7
1674031241531 1399784.0 8
1674031251003 1346406.0 9
1674031261697 1295310.0 10
1674031272300 1305368.0 11
1674031281417 1288422.0 12
1674031291952 1304766.0 13
1674031301073 1276128.0 14
1674031311642 1262352.0 15
1674031322187 1267534.0 16
1674031331318 1232004.0 17
1674031341854 698902.0 18
1674031352387 516828.0 19
1674031362862 496720.0 20
1674031373272 505664.0 21
1674031382284 501692.0 22
1674031391305 497020.0 23
1674031401537 508180.0 24
1674031411705 511256.0 25
1674031420695 504664.0 26
1674031429723 507588.0 27
1674031438744 502976.0 28
1674031447752 505028.0 29
1674031456685 483448.0 30
1674031466986 516128.0 31
1674031476101 505032.0 32
1674031485066 501356.0 33
1674031494014 506908.0 34
1674031502964 501880.0 35
1674031511944 503580.0 36
1674031520842 489764.0 37
1674031529834 502024.0 38
1674031538770 497624.0 39
1674031547680 496848.0 40
1674031556526 505780.0 41
1674031565401 495808.0 42
1674031574366 497744.0 43
1674031584888 499448.0 44
1674031594770 493696.0 45
1674031603539 490544.0 46
1674031612357 492796.0 47
1674031621142 495532.0 48
1674031629958 477708.0 49
1674031640390 498620.0 50
1674031649217 494760.0 51
1674031658053 490080.0 52
1674031666890 483372.0 53
1674031675811 488652.0 54
1674031684737 491784.0 55
1674031693655 489792.0 56
1674031702537 494948.0 57
1674031711554 488004.0 58
1674031720379 484332.0 59
1674031729148 488552.0 60
1674031737857 485868.0 61
1674031746640 483964.0 62
1674031755399 480112.0 63
1674031764152 485940.0 64
1674031772896 480780.0 65
1674031781667 481604.0 66
1674031790417 479772.0 67
1674031799158 469552.0 68
1674031809481 459596.0 69
1674031820880 468920.0 70
1674031830919 476568.0 71
1674031839858 481608.0 72
1674031848659 479688.0 73
1674031857478 476036.0 74
1674031866360 469572.0 75
1674031875307 478700.0 76
1674031884158 468316.0 77
1674031893064 479748.0 78
1674031901759 466048.0 79
1674031910498 469928.0 80
1674031919223 468836.0 81
1674031927912 467096.0 82
1674031936621 465912.0 83
1674031945314 457432.0 84
1674031955583 473904.0 85
1674031964829 450136.0 86
1674031975498 124632.0 87
1674031985769 126912.0 88
1674031994872 123424.0 89
1674032006216 123616.0 90
1674032015947 124936.0 91
1674032024714 128496.0 92
1674032033555 125072.0 93
1674032042363 126168.0 94
1674032051122 121424.0 95
1674032061372 124512.0 96
1674032070176 121464.0 97
1674032079019 123672.0 98
1674032087843 122576.0 99
1674032096680 118000.0 100
1674032106874 115776.0 101
1674032117122 115048.0 102
1674032127425 115608.0 103
1674032136224 118008.0 104
1674032145044 113872.0 105
1674032155436 116536.0 106
1674032164244 114936.0 107
1674032173093 111936.0 108
1674032184418 108760.0 109
1674032195186 113088.0 110
1674032204028 111056.0 111
1674032212872 108840.0 112
1674032221722 107864.0 113
1674032231981 109160.0 114
1674032240696 106936.0 115
1674032250904 103736.0 116
1674032261121 103112.0 117
1674032271415 103296.0 118
1674032280210 103096.0 119
1674032290422 101288.0 120
1674032300654 100400.0 121
1674032310914 97920.0 122
1674032321103 98720.0 123
1674032329858 98160.0 124
1674032338636 95704.0 125
1674032348880 93968.0 126
1674032359091 91384.0 127
1674032369340 88776.0 128
1674032379532 87416.0 129
1674032389699 87976.0 130
1674032398489 87192.0 131
1674032408676 85920.0 132
1674032419734 83536.0 133
1674032430676 82520.0 134
1674032440964 78056.0 135
1674032451106 81832.0 136
1674032459885 74872.0 137
1674032470104 73576.0 138
1674032480250 71592.0 139
1674032489868 71064.0 140
1674032499448 68240.0 141
1674032509092 66544.0 142
1674032518737 64096.0 143
1674032528385 60776.0 144
1674032537938 59784.0 145
1674032547535 55528.0 146
1674032557113 52960.0 147
1674032566770 50824.0 148
1674032576388 45288.0 149
