1674113011500 6599173.5 0
1674113025320 5536136.5 1
1674113039099 4014635.0 2
1674113052831 2186809.0 3
1674113066435 1997372.0 4
1674113080024 1965366.0 5
1674113093572 1948764.0 6
1674113107359 1941432.0 7
1674113120819 1903138.0 8
1674113134253 1890010.0 9
1674113147655 1881928.0 10
1674113161049 1819876.0 11
1674113174383 1369692.0 12
1674113187775 1345528.0 13
1674113201041 1320048.0 14
1674113214353 1300896.0 15
1674113227593 1277136.0 16
1674113240843 1251720.0 17
1674113254109 1234484.0 18
1674113267327 1232604.0 19
1674113280564 1208584.0 20
1674113293752 1192848.0 21
1674113306884 1182940.0 22
1674113320129 1167264.0 23
1674113333317 1163128.0 24
1674113346499 1151608.0 25
1674113359760 1143788.0 26
1674113372885 1132680.0 27
1674113385968 1123108.0 28
1674113399706 1103276.0 29
1674113412861 1104828.0 30
1674113425085 1096088.0 31
1674113438193 1089292.0 32
1674113451283 1084172.0 33
1674113464496 1076876.0 34
1674113477661 1062632.0 35
1674113490773 1065536.0 36
1674113502932 1050408.0 37
1674113516004 1046404.0 38
1674113529058 1047824.0 39
1674113541323 835880.0 40
1674113554348 197280.0 41
1674113567409 199168.0 42
1674113579567 198120.0 43
1674113591700 199920.0 44
1674113603829 196080.0 45
1674113616825 196520.0 46
1674113628969 191408.0 47
1674113642016 187320.0 48
1674113655007 187992.0 49
1674113667118 186776.0 50
1674113680076 187968.0 51
1674113692114 184184.0 52
1674113705104 184600.0 53
1674113717239 185720.0 54
1674113729283 183552.0 55
1674113742207 186104.0 56
1674113754619 180688.0 57
1674113767570 181928.0 58
1674113779557 181232.0 59
1674113791543 180552.0 60
1674113804386 179240.0 61
1674113817234 178440.0 62
1674113830113 177496.0 63
1674113843040 177744.0 64
1674113855021 176728.0 65
1674113867850 173376.0 66
1674113880727 175528.0 67
1674113892746 172888.0 68
1674113905679 171496.0 69
1674113918589 173296.0 70
1674113930633 171304.0 71
1674113943498 172360.0 72
1674113955452 170424.0 73
1674113968316 167872.0 74
1674113981146 172336.0 75
1674113993095 168896.0 76
1674114005518 167552.0 77
1674114018315 167512.0 78
1674114031172 166024.0 79
1674114043962 166088.0 80
1674114055877 164024.0 81
1674114068742 164576.0 82
1674114080732 163176.0 83
1674114093579 160848.0 84
1674114106368 161816.0 85
1674114118325 161064.0 86
1674114130241 162104.0 87
1674114142118 158640.0 88
1674114154919 158232.0 89
1674114167731 155512.0 90
1674114180540 156960.0 91
1674114192436 156696.0 92
1674114204336 154768.0 93
1674114217155 155808.0 94
1674114229114 154048.0 95
1674114242062 151680.0 96
1674114254899 151600.0 97
1674114267769 149648.0 98
1674114280526 151568.0 99
1674114292434 150264.0 100
1674114304303 148184.0 101
1674114317082 146176.0 102
1674114330760 147456.0 103
1674114344990 146344.0 104
1674114360460 144776.0 105
1674114378759 144424.0 106
1674114394685 142832.0 107
1674114410515 144864.0 108
1674114425408 141656.0 109
1674114443260 141288.0 110
1674114459494 137256.0 111
1674114475327 137728.0 112
1674114490152 138136.0 113
1674114505997 133552.0 114
1674114521616 134736.0 115
1674114536269 134160.0 116
1674114550895 134840.0 117
1674114565473 131816.0 118
1674114581109 133016.0 119
1674114595776 131336.0 120
1674114611404 129720.0 121
1674114627014 127752.0 122
1674114641675 127824.0 123
1674114653662 126896.0 124
1674114666581 126008.0 125
1674114679287 125496.0 126
1674114692030 123920.0 127
1674114704735 124072.0 128
1674114716575 125736.0 129
1674114728377 123520.0 130
1674114741062 123888.0 131
1674114752875 123072.0 132
1674114765625 124232.0 133
1674114777433 121984.0 134
1674114790140 123856.0 135
1674114801950 123328.0 136
1674114813748 123568.0 137
1674114825685 124056.0 138
1674114837427 122272.0 139
1674114849202 122224.0 140
1674114860972 121080.0 141
1674114873649 122728.0 142
1674114885432 120952.0 143
1674114898127 120432.0 144
1674114910838 122584.0 145
1674114922681 121752.0 146
1674114934488 121960.0 147
1674114946276 124456.0 148
1674114958055 127144.0 149
