1673896053751 41904.9140625 0
1673896053782 34323.3359375 1
1673896053814 45971.8046875 2
1673896053845 44795.6015625 3
1673896053876 43035.46875 4
1673896053892 42281.515625 5
1673896053923 28376.640625 6
1673896053954 40666.40625 7
1673896053970 27469.71875 8
1673896054002 39330.625 9
1673896054033 39023.0 10
1673896054064 38620.28125 11
1673896054080 26439.40625 12
1673896054111 38370.40625 13
1673896054144 25893.0 14
1673896054159 25743.9375 15
1673896054191 25575.8125 16
1673896054222 25420.5625 17
1673896054254 25480.0625 18
1673896054270 36709.5 19
1673896054301 25221.25 20
1673896054316 36448.6875 21
1673896054348 24995.0625 22
1673896054379 36120.6875 23
1673896054394 36114.4375 24
1673896054426 24738.5625 25
1673896054453 35744.9375 26
1673896054484 35826.9375 27
1673896054515 35553.25 28
1673896054531 35673.8125 29
1673896054562 35455.0 30
1673896054593 24343.125 31
1673896054626 35459.75 32
1673896054653 35111.75 33
1673896054677 35185.375 34
1673896054708 34970.625 35
1673896054755 34865.25 36
1673896054787 23897.875 37
1673896054819 35076.125 38
1673896054834 34728.5 39
1673896054866 34692.5 40
1673896054897 34868.0 41
1673896054912 34742.0 42
1673896054944 34492.375 43
1673896054959 34843.75 44
1673896054990 34462.375 45
1673896055022 34490.375 46
1673896055053 34560.75 47
1673896055069 23755.875 48
1673896055100 23768.5 49
1673896055115 23763.625 50
1673896055147 23672.375 51
1673896055178 34504.5 52
1673896055194 34464.5 53
1673896055225 34292.625 54
1673896055240 34446.5 55
1673896055272 23637.5 56
1673896055303 23564.25 57
1673896055319 23619.0 58
1673896055350 23554.0 59
1673896055381 23486.5 60
1673896055397 23741.875 61
1673896055428 34197.25 62
1673896055459 34026.5 63
1673896055475 34147.25 64
1673896055506 23424.25 65
1673896055553 33623.5 66
1673896055568 33541.0 67
1673896055600 23166.5 68
1673896055631 23133.0 69
1673896055662 33710.0 70
1673896055693 33428.5 71
1673896055709 33420.5 72
1673896055740 23128.25 73
1673896055772 22957.75 74
1673896055787 33332.0 75
1673896055818 33437.75 76
1673896055850 33356.25 77
1673896055865 23004.5 78
1673896055897 33401.5 79
1673896055912 33319.0 80
1673896055943 22874.0 81
1673896055975 22959.25 82
1673896055990 22943.5 83
1673896056021 22884.25 84
1673896056037 33232.25 85
1673896056068 32928.75 86
1673896056100 33251.75 87
1673896056115 32993.5 88
1673896056146 22688.0 89
1673896056178 33291.25 90
1673896056193 33095.75 91
1673896056225 33089.0 92
1673896056256 32931.25 93
1673896056271 22907.5 94
1673896056303 22708.5 95
1673896056318 33126.75 96
1673896056350 22786.75 97
1673896056365 33118.5 98
1673896056396 32970.75 99
1673896056428 32832.75 100
1673896056443 22666.25 101
1673896056475 32948.0 102
1673896056506 22659.0 103
1673896056537 33037.75 104
1673896056553 32949.0 105
1673896056584 22739.0 106
1673896056599 32737.25 107
1673896056631 32764.25 108
1673896056662 32615.5 109
1673896056688 32701.75 110
1673896056703 32721.75 111
1673896056734 22547.0 112
1673896056766 32667.0 113
1673896056781 32504.0 114
1673896056813 22551.5 115
1673896056828 32544.25 116
1673896056860 32661.25 117
1673896056892 32603.25 118
1673896056907 22410.0 119
1673896056938 32666.5 120
1673896056970 22311.75 121
1673896056985 32597.0 122
1673896057017 32410.5 123
1673896057048 22364.5 124
1673896057063 32325.25 125
1673896057095 22419.25 126
1673896057110 32460.0 127
1673896057141 22222.0 128
1673896057173 32345.0 129
1673896057193 32381.0 130
1673896057208 22436.5 131
1673896057239 32266.75 132
1673896057271 32373.0 133
1673896057286 32325.5 134
1673896057319 32279.75 135
1673896057334 29689.5 136
1673896057365 20016.5 137
1673896057381 28871.5 138
1673896057412 19915.0 139
1673896057444 19922.5 140
1673896057459 20015.0 141
1673896057499 20026.0 142
1673896057525 28968.0 143
1673896057541 28823.5 144
1673896057573 29007.5 145
1673896057620 19981.5 146
1673896057651 29182.0 147
1673896057666 29016.5 148
1673896057698 20051.5 149
