1673896128943 44938.16015625 0
1673896128974 51101.26953125 1
1673896128990 30795.296875 2
1673896129025 40228.4140625 3
1673896129041 25788.875 4
1673896129072 35251.140625 5
1673896129103 34238.96875 6
1673896129120 33371.0 7
1673896129151 22709.25 8
1673896129182 22598.21875 9
1673896129213 32349.09375 10
1673896129229 31733.6875 11
1673896129264 31482.59375 12
1673896129295 31357.28125 13
1673896129311 31389.1875 14
1673896129342 31197.125 15
1673896129358 31579.875 16
1673896129390 31075.75 17
1673896129406 21477.8125 18
1673896129437 21413.25 19
1673896129468 30831.0 20
1673896129499 30869.3125 21
1673896129515 30822.6875 22
1673896129546 30643.625 23
1673896129562 20999.6875 24
1673896129593 21042.375 25
1673896129625 21390.1875 26
1673896129656 30598.9375 27
1673896129672 30419.0 28
1673896129703 21153.875 29
1673896129725 20576.6875 30
1673896129756 21254.875 31
1673896129771 30522.625 32
1673896129803 30751.0625 33
1673896129818 20689.0625 34
1673896129850 20967.5 35
1673896129881 20792.0 36
1673896129909 30285.75 37
1673896129924 29679.5 38
1673896129956 20669.5 39
1673896129987 30107.25 40
1673896130002 30047.5 41
1673896130035 20714.375 42
1673896130050 30535.625 43
1673896130081 20670.625 44
1673896130097 30522.25 45
1673896130128 29865.625 46
1673896130159 30044.0 47
1673896130175 30316.875 48
1673896130206 29802.0 49
1673896130222 20569.375 50
1673896130253 20770.75 51
1673896130288 30529.5 52
1673896130304 20540.75 53
1673896130335 20615.5 54
1673896130367 29839.125 55
1673896130382 29662.625 56
1673896130413 20442.125 57
1673896130429 20559.0 58
1673896130460 20603.25 59
1673896130477 29394.875 60
1673896130508 29884.5 61
1673896130539 29528.0 62
1673896130555 20403.375 63
1673896130586 20476.0 64
1673896130617 20416.125 65
1673896130633 29471.375 66
1673896130664 20396.25 67
1673896130695 29644.75 68
1673896130711 29538.875 69
1673896130742 29533.125 70
1673896130758 20622.75 71
1673896130789 29553.375 72
1673896130820 20244.125 73
1673896130836 20098.0 74
1673896130867 29296.75 75
1673896130899 29081.625 76
1673896130914 27666.0 77
1673896130945 18707.25 78
1673896130961 19212.5 79
1673896130992 27382.0 80
1673896131024 27566.25 81
1673896131039 27861.0 82
1673896131070 27100.5 83
1673896131102 19064.25 84
1673896131117 27536.0 85
1673896131148 19086.0 86
1673896131180 27852.75 87
1673896131195 18877.25 88
1673896131227 19146.0 89
1673896131242 27499.5 90
1673896131273 18965.5 91
1673896131305 27140.0 92
1673896131320 19033.0 93
1673896131352 27372.25 94
1673896131383 27319.25 95
1673896131398 27141.75 96
1673896131430 27613.0 97
1673896131461 27287.75 98
1673896131477 27562.75 99
1673896131508 27473.5 100
1673896131539 19311.0 101
1673896131555 27407.0 102
1673896131586 27630.75 103
