1673896242398 83035.4453125 0
1673896242445 57897.4921875 1
1673896242476 51832.875 2
1673896242523 45681.515625 3
1673896242554 42990.046875 4
1673896242586 40344.0 5
1673896242632 38239.0625 6
1673896242679 36262.125 7
1673896242711 34626.4375 8
1673896242757 33897.4375 9
1673896242789 33060.78125 10
1673896242836 31614.40625 11
1673896242867 30801.5625 12
1673896242898 29951.5625 13
1673896242945 29607.5 14
1673896242976 29513.0 15
1673896243007 28912.25 16
1673896243054 28131.625 17
1673896243085 27844.0 18
1673896243132 27620.1875 19
1673896243164 27866.3125 20
1673896243211 27193.9375 21
1673896243243 27038.0 22
1673896243290 26689.0 23
1673896243321 26594.9375 24
1673896243368 26193.375 25
1673896243399 26766.3125 26
1673896243454 26014.25 27
1673896243485 26387.0625 28
1673896243516 25813.25 29
1673896243549 25696.125 30
1673896243595 17034.0 31
1673896243627 24472.0 32
1673896243658 16797.25 33
1673896243689 24334.0 34
1673896243720 24319.375 35
1673896243752 24587.75 36
1673896243783 16595.375 37
1673896243830 16421.375 38
1673896243861 23790.375 39
1673896243892 16293.875 40
1673896243923 24221.75 41
1673896243955 23706.625 42
1673896244002 23655.5 43
1673896244037 16265.0 44
1673896244068 23650.0 45
1673896244099 23435.5 46
1673896244130 22952.25 47
1673896244178 23538.75 48
1673896244209 15835.875 49
1673896244241 23049.25 50
1673896244272 23309.375 51
1673896244303 23168.5 52
1673896244334 22840.125 53
1673896244366 23184.375 54
1673896244397 15826.0 55
1673896244444 22815.75 56
1673896244475 15649.5 57
1673896244506 22783.5 58
1673896244538 22553.125 59
1673896244569 15714.25 60
1673896244600 15625.125 61
1673896244647 22461.75 62
1673896244678 22656.75 63
1673896244709 22508.5 64
1673896244756 22980.25 65
1673896244787 22531.5 66
1673896244819 22292.875 67
1673896244850 22209.375 68
1673896244881 22228.25 69
1673896244912 15351.625 70
1673896244959 22282.375 71
1673896244991 15257.5 72
1673896245022 21977.125 73
1673896245053 15220.375 74
1673896245084 22142.5 75
1673896245131 15064.25 76
1673896245162 22302.625 77
1673896245194 22022.75 78
1673896245225 15098.75 79
1673896245272 15052.125 80
1673896245301 21565.375 81
1673896245332 21454.5 82
1673896245363 21834.25 83
1673896245395 14890.25 84
1673896245442 21289.75 85
1673896245474 14678.5 86
1673896245505 21580.25 87
1673896245536 21247.25 88
1673896245567 21060.5 89
1673896245599 14659.0 90
1673896245645 14686.75 91
1673896245677 14598.75 92
1673896245708 21332.75 93
1673896245739 14577.5 94
1673896245786 21245.25 95
1673896245817 14504.0 96
1673896245848 21114.75 97
1673896245880 14406.25 98
1673896245911 14427.25 99
1673896245942 21050.0 100
1673896245973 20869.0 101
1673896246020 20730.75 102
1673896246052 20932.0 103
1673896246083 20818.25 104
1673896246114 20883.0 105
1673896246145 14377.0 106
1673896246192 20661.0 107
1673896246223 20740.0 108
1673896246255 20755.0 109
1673896246286 20904.0 110
1673896246317 14244.0 111
1673896246364 20687.25 112
1673896246395 14126.5 113
1673896246426 20588.25 114
1673896246458 20947.5 115
1673896246489 20445.25 116
1673896246520 20546.25 117
1673896246551 14172.75 118
1673896246583 20522.25 119
1673896246614 20486.75 120
1673896246661 20189.5 121
1673896246692 20333.25 122
1673896246723 20482.25 123
1673896246755 14014.5 124
1673896246786 20645.75 125
1673896246817 13989.75 126
1673896246848 14086.5 127
1673896246879 20562.75 128
1673896246926 20172.75 129
1673896246958 20422.0 130
1673896246989 20323.5 131
1673896247020 20311.75 132
1673896247051 14008.5 133
1673896247083 13750.75 134
1673896247114 13779.5 135
1673896247145 13878.75 136
1673896247176 20162.5 137
1673896247223 19905.75 138
1673896247254 19991.5 139
1673896247286 20278.0 140
1673896247317 20174.0 141
1673896247348 13695.0 142
1673896247379 20037.5 143
1673896247411 13762.75 144
1673896247442 13662.75 145
1673896247473 13728.5 146
1673896247504 19805.0 147
1673896247536 19602.5 148
1673896247567 13689.5 149
