1673893056449 129732.6328125 0
1673893056496 46979.3515625 1
1673893056543 43129.4375 2
1673893056590 40706.734375 3
1673893056637 37273.125 4
1673893056684 72320.5 5
1673893056715 69009.21875 6
1673893056762 33264.75 7
1673893056809 65192.8125 8
1673893056855 31611.3125 9
1673893056902 30859.9375 10
1673893056949 60723.1875 11
1673893056980 60311.3125 12
1673893057027 59537.8125 13
1673893057059 58967.0 14
1673893057105 29368.875 15
1673893057162 57737.5 16
1673893057209 28701.25 17
1673893057256 28658.25 18
1673893057303 28609.0625 19
1673893057349 28586.8125 20
1673893057382 56116.375 21
1673893057430 28049.625 22
1673893057476 28138.125 23
1673893057523 55795.875 24
1673893057555 56005.25 25
1673893057601 27858.125 26
1673893057648 55773.375 27
1673893057695 56053.875 28
1673893057726 28030.625 29
1673893057773 27916.625 30
1673893057820 55745.375 31
1673893057851 28105.125 32
1673893057899 27756.625 33
1673893057946 56108.5 34
1673893057977 55307.25 35
1673893058024 27727.5 36
1673893058071 28107.5 37
1673893058118 27788.625 38
1673893058149 27805.125 39
1673893058196 55944.625 40
1673893058227 27797.375 41
1673893058274 55730.625 42
1673893058305 27952.25 43
1673893058359 28288.625 44
1673893058393 27749.0 45
1673893058440 55291.0 46
1673893058487 52377.125 47
1673893058534 25442.75 48
1673893058580 51208.25 49
1673893058613 25345.25 50
1673893058667 50763.25 51
1673893058714 25465.5 52
1673893058761 50717.0 53
1673893058808 25084.25 54
1673893058870 25263.75 55
1673893058917 25665.75 56
1673893058964 25857.75 57
1673893059011 25306.75 58
1673893059058 50310.25 59
1673893059106 50254.5 60
1673893059152 25400.0 61
1673893059203 50377.75 62
1673893059235 50812.25 63
1673893059281 25365.5 64
1673893059328 51284.0 65
1673893059382 50727.25 66
1673893059429 50388.25 67
1673893059460 50593.25 68
1673893059507 25152.75 69
1673893059554 25827.0 70
1673893059600 25372.0 71
1673893059647 51052.25 72
1673893059694 50710.75 73
1673893059741 50755.25 74
1673893059783 51477.0 75
1673893059829 51050.25 76
1673893059876 50791.0 77
1673893059923 25318.5 78
1673893059970 25539.0 79
