1673892853784 124557.3515625 0
1673892853836 97010.4765625 1
1673892853886 90415.734375 2
1673892853936 43225.84375 3
1673892853986 42389.4375 4
1673892854036 41383.375 5
1673892854100 81259.46875 6
1673892854136 80047.75 7
1673892854186 39073.625 8
1673892854243 77608.875 9
1673892854286 76577.9375 10
1673892854336 37650.4375 11
1673892854400 74874.125 12
1673892854451 37095.4375 13
1673892854502 36703.875 14
1673892854552 72879.625 15
1673892854602 71587.0 16
1673892854636 71152.0 17
1673892854686 70788.75 18
1673892854741 35096.75 19
1673892854803 69687.75 20
1673892854852 69239.875 21
1673892854886 68696.0 22
1673892854936 34219.75 23
1673892855004 68045.625 24
1673892855048 67667.0 25
1673892855091 67141.75 26
1673892855135 33632.5 27
1673892855182 33246.0 28
1673892855230 66740.25 29
1673892855269 33079.75 30
1673892855319 32964.125 31
1673892855376 66230.5 32
1673892855421 65858.5 33
1673892855462 32790.25 34
1673892855500 65446.0 35
1673892855547 32614.25 36
1673892855594 32404.0 37
1673892855641 64778.5 38
1673892855687 64775.5 39
1673892855715 32432.0 40
1673892855762 64642.5 41
1673892855809 64957.5 42
1673892855840 64623.5 43
1673892855887 32212.75 44
1673892855942 32295.25 45
1673892855981 64001.5 46
1673892856025 32046.25 47
1673892856069 32011.75 48
1673892856126 63885.75 49
1673892856169 64190.25 50
1673892856212 32057.0 51
1673892856256 32064.0 52
1673892856296 63755.5 53
1673892856341 31867.75 54
1673892856387 63642.75 55
1673892856436 31683.25 56
1673892856486 63363.0 57
1673892856535 32115.5 58
1673892856581 63356.75 59
1673892856623 31603.5 60
1673892856665 31812.0 61
1673892856712 63254.75 62
1673892856754 62790.0 63
1673892856800 31369.0 64
1673892856849 62472.0 65
1673892856892 31424.25 66
1673892856934 62724.75 67
1673892856979 62762.5 68
1673892857020 31147.0 69
1673892857067 62309.5 70
1673892857099 31051.0 71
1673892857145 62362.0 72
1673892857192 62025.25 73
1673892857235 62035.25 74
1673892857266 62221.75 75
1673892857313 31089.0 76
1673892857360 29681.25 77
1673892857401 27376.5 78
1673892857469 54955.5 79
1673892857501 55047.5 80
1673892857553 27525.0 81
1673892857597 55037.5 82
1673892857637 55002.0 83
1673892857678 27605.0 84
1673892857719 27436.0 85
1673892857767 54652.0 86
1673892857802 27649.0 87
1673892857858 54753.0 88
1673892857898 54853.0 89
1673892857940 27529.0 90
1673892857983 54823.5 91
1673892858014 27308.5 92
1673892858061 27382.5 93
1673892858114 55034.0 94
1673892858157 54932.5 95
1673892858202 54334.0 96
1673892858245 54573.0 97
1673892858283 54666.0 98
1673892858330 54519.0 99
1673892858369 27339.5 100
1673892858414 54887.0 101
1673892858448 54763.5 102
1673892858495 54639.0 103
1673892858526 27222.5 104
1673892858588 27493.0 105
1673892858636 27387.0 106
1673892858686 54368.5 107
1673892858733 54571.0 108
1673892858784 54347.0 109
1673892858819 54398.0 110
1673892858869 27294.0 111
1673892858927 27101.0 112
1673892858965 27147.5 113
1673892859019 54453.0 114
1673892859063 54064.0 115
1673892859107 54136.5 116
1673892859147 27090.5 117
1673892859179 54231.0 118
1673892859236 27208.0 119
1673892859266 54035.0 120
1673892859313 27148.0 121
1673892859360 54326.5 122
1673892859391 54198.5 123
1673892859442 54097.0 124
1673892859483 54371.0 125
1673892859514 54071.5 126
1673892859561 53866.5 127
1673892859592 54135.0 128
1673892859639 27028.5 129
1673892859695 54124.0 130
1673892859731 26889.5 131
1673892859778 27120.0 132
1673892859825 26948.0 133
1673892859856 53863.0 134
1673892859906 54094.0 135
1673892859949 26981.5 136
1673892859981 26918.5 137
1673892860027 53764.5 138
1673892860059 54029.5 139
1673892860105 54057.0 140
1673892860156 53871.5 141
1673892860183 54279.0 142
1673892860229 27027.0 143
1673892860276 27172.0 144
1673892860308 27071.0 145
1673892860354 27264.5 146
1673892860410 54103.5 147
1673892860453 54137.0 148
1673892860492 27141.5 149
