1674946058202 67702.9765625 0
1674946058320 53672.4296875 1
1674946058422 75008.21875 2
1674946058531 69896.75 3
1674946058657 44778.21875 4
1674946058791 64647.375 5
1674946058920 42553.90625 6
1674946059052 61080.0 7
1674946059174 60296.875 8
1674946059280 58478.4375 9
1674946059384 38154.6875 10
1674946059512 37997.3125 11
1674946059641 37001.5625 12
1674946059769 36686.5625 13
1674946059891 36555.4375 14
1674946060029 53684.5625 15
1674946060138 35605.6875 16
1674946060267 53320.4375 17
1674946060374 35056.75 18
1674946060499 34604.0 19
1674946060637 33973.375 20
1674946060760 34505.3125 21
1674946060869 33645.0 22
1674946061012 50116.375 23
1674946061135 16946.125 24
1674946061260 33084.5 25
1674946061372 32835.25 26
1674946061486 33184.75 27
1674946061601 33406.75 28
1674946061708 33117.75 29
1674946061809 49453.375 30
1674946061921 48840.75 31
1674946062043 48312.625 32
1674946062156 32046.25 33
1674946062261 32118.0 34
1674946062359 32140.625 35
1674946062470 32116.5 36
1674946062594 48283.25 37
1674946062707 47729.625 38
1674946062799 31768.75 39
1674946062903 31850.5 40
1674946063020 31714.625 41
1674946063120 31843.25 42
1674946063242 47186.875 43
1674946063339 31652.25 44
1674946063449 47364.25 45
1674946063559 31043.125 46
1674946063676 47299.125 47
1674946063786 46738.375 48
1674946063890 31233.5 49
1674948337439 103813.2265625 0
1674948337574 53530.9921875 1
1674948337703 48578.71875 2
1674948337834 46388.984375 3
1674948337961 43358.703125 4
1674948338089 42831.09375 5
1674948338215 61704.25 6
1674948338325 60804.4375 7
1674948338430 59528.75 8
1674948338546 39030.65625 9
1674948338678 37877.625 10
1674948338843 56474.3125 11
1674948338951 37077.5 12
1674948339093 36682.375 13
1674948339237 36274.0625 14
1674948339385 53160.875 15
1674948339509 35659.0625 16
1674948339638 34941.0 17
1674948339792 34090.125 18
1674948339922 51596.875 19
1674948340042 51437.125 20
1674948340153 50590.625 21
1674948340271 33560.875 22
1674948340420 33437.5 23
1674948340555 49894.375 24
1674948340665 33295.125 25
1674948340792 32424.375 26
1674948340921 32363.875 27
1674948341052 32775.125 28
1674948341164 48549.5 29
1674948341280 32431.0 30
1674948341390 48192.625 31
1674948341500 32293.375 32
1674948341641 32114.0 33
1674948341763 32258.0 34
1674948341871 31455.5 35
1674948342025 47166.5 36
1674948342136 47097.5 37
1674948342239 47006.75 38
1674948342350 47278.375 39
1674948342459 47365.375 40
1674948342567 31326.125 41
1674948342714 31491.0 42
1674948342839 47028.5 43
1674948342966 31346.125 44
1674948343091 46829.125 45
1674948343205 31243.375 46
1674948343333 46443.0 47
1674948343441 30484.625 48
1674948343568 30146.25 49
1674948343716 15205.5 50
1674948343842 29861.0 51
1674948343958 45472.0 52
1674948344069 44649.5 53
1674948344178 44828.0 54
1674948344296 29983.5 55
1674948344413 29712.25 56
1674948344525 45194.75 57
1674948344633 29758.5 58
1674948344752 29499.5 59
1674948344869 29678.25 60
1674948344973 29729.0 61
1674948345087 29711.75 62
1674948345203 30132.5 63
1674948345319 44826.75 64
1674948345427 29806.25 65
1674948345542 44083.5 66
1674948345650 29561.5 67
1674948345765 44102.25 68
1674948345878 29573.5 69
1674948345993 29277.5 70
1674948346112 29524.25 71
1674948346225 29220.75 72
1674948346338 29222.5 73
1674948346457 29147.25 74
1674948346580 29057.25 75
