1673970717830 9441180.0 0
1673970734941 7916246.0 1
1673970753998 4092382.0 2
1673970770640 4160850.0 3
1673970785792 4051722.0 4
1673970802288 3975816.0 5
1673970818833 2642944.0 6
1673970835299 2726312.0 7
1673970850281 2751628.0 8
1673970865219 2667032.0 9
1673970880141 2741232.0 10
1673970894993 2639412.0 11
1673970911398 2722152.0 12
1673970928836 2680480.0 13
1673970943959 2659892.0 14
1673970958813 2587492.0 15
1673970975174 2683204.0 16
1673970989969 2672564.0 17
1673971004816 1308980.0 18
1673971021186 22080.0 19
1673971037488 19056.0 20
1673971053771 18800.0 21
1673971070136 17736.0 22
1673971086479 17496.0 23
1673971104327 16344.0 24
1673971121364 15200.0 25
1673971137644 12728.0 26
1673971153909 12840.0 27
1673971168619 13456.0 28
1673971183359 14456.0 29
1673971198479 12768.0 30
1673971213060 7992.0 31
1673971229413 6696.0 32
1673971246177 6360.0 33
1673971262144 6256.0 34
1673971279008 6168.0 35
1673971296614 6496.0 36
1673971311544 6656.0 37
1673971326266 6232.0 38
1673971340818 6384.0 39
1673971355359 6616.0 40
1673971369908 6584.0 41
1673971384443 5888.0 42
1673971400570 6496.0 43
1673971416061 6136.0 44
1673971430632 6184.0 45
1673971445123 6232.0 46
1673971461062 6152.0 47
1673971477278 5912.0 48
1673971491829 6416.0 49
1673971506301 14896.0 50
1673971520710 19064.0 51
1673971535090 20696.0 52
1673971549442 20128.0 53
1673971564044 11808.0 54
1673971578197 10200.0 55
1673971592318 10968.0 56
1673971606448 11688.0 57
1673971620595 10864.0 58
1673971634880 8560.0 59
1673971651562 8784.0 60
1673971665727 6800.0 61
1673971679869 6776.0 62
1673971694075 5440.0 63
1673971709785 3920.0 64
1673971725408 4048.0 65
1673971739521 4024.0 66
1673971753730 3696.0 67
1673971769336 3688.0 68
1673971784908 4208.0 69
1673971799105 4160.0 70
1673971813246 3656.0 71
1673971830902 3592.0 72
1673971846524 3416.0 73
1673971862273 3408.0 74
1673971877924 3424.0 75
1673971891990 3328.0 76
1673971907573 3136.0 77
1673971923205 3184.0 78
1673971937396 3080.0 79
1673971952934 3000.0 80
1673971968421 3224.0 81
1673971982557 3184.0 82
1673971997221 2952.0 83
1673972014653 2800.0 84
1673972030282 3248.0 85
1673972044288 2816.0 86
1673972058380 2616.0 87
1673972073917 2768.0 88
1673972087992 2992.0 89
1673972102306 2880.0 90
1673972119197 3056.0 91
1673972133392 2672.0 92
1673972147466 2456.0 93
1673972163049 2336.0 94
1673972179164 2688.0 95
1673972195486 2512.0 96
1673972209670 2376.0 97
1673972223646 2560.0 98
1673972237703 2304.0 99
1673972253257 2344.0 100
1673972267266 2376.0 101
1673972281378 2520.0 102
1673972295394 2272.0 103
1673972310879 2280.0 104
1673972324917 2424.0 105
1673972338967 2560.0 106
1673972352971 2368.0 107
1673972369569 2304.0 108
1673972383731 2216.0 109
1673972399230 2360.0 110
1673972413202 2128.0 111
1673972428756 2272.0 112
1673972443005 2360.0 113
1673972457206 2128.0 114
1673972485635 2120.0 115
1673972513566 2248.0 116
1673972539077 2000.0 117
1673972568922 2208.0 118
1673972596822 2248.0 119
1673972624024 2144.0 120
1673972651294 2248.0 121
1673972676858 1856.0 122
1673972704949 2200.0 123
1673972731685 2184.0 124
1673972760447 1920.0 125
1673972787655 2008.0 126
1673972814711 2128.0 127
1673972841704 1992.0 128
1673972867200 2000.0 129
1673972894241 1944.0 130
1673972921439 1800.0 131
1673972950979 1840.0 132
1673972978788 1824.0 133
1673973005670 1680.0 134
1673973033385 1736.0 135
1673973059000 1568.0 136
1673973088864 1600.0 137
1673973116886 1384.0 138
1673973144952 1400.0 139
1673973171851 1192.0 140
1673973200974 1208.0 141
1673973227294 1120.0 142
1673973256370 888.0 143
1673973286622 712.0 144
1673973315823 600.0 145
1673973344835 432.0 146
1673973372723 384.0 147
1673973401905 384.0 148
1673973431083 400.0 149
