1673896120280 89853.859375 0
1673896120312 68662.796875 1
1673896120343 63510.5625 2
1673896120390 59399.78125 3
1673896120421 56897.3125 4
1673896120468 53480.46875 5
1673896120499 35760.15625 6
1673896120530 50883.03125 7
1673896120562 49744.53125 8
1673896120608 49102.75 9
1673896120640 48278.75 10
1673896120671 47853.4375 11
1673896120702 47235.0 12
1673896120733 47040.875 13
1673896120765 46828.125 14
1673896120796 46241.5625 15
1673896120837 46228.625 16
1673896120868 46088.0 17
1673896120899 46083.875 18
1673896120930 46069.125 19
1673896120962 45814.125 20
1673896120994 46143.75 21
1673896121041 46096.125 22
1673896121076 45865.75 23
1673896121108 46004.75 24
1673896121139 46011.0 25
1673896121170 46273.625 26
1673896121217 46067.375 27
1673896121248 45597.0 28
1673896121280 45979.375 29
1673896121312 45672.0 30
1673896121343 45885.5 31
