1675014045464 112866.8125 0
1675014045521 58461.546875 1
1675014045580 54259.859375 2
1675014045637 75367.5625 3
1675014045684 47403.21875 4
1675014045749 45974.6875 5
1675014045809 67182.6875 6
1675014045859 65238.0 7
1675014045908 63608.9375 8
1675014045958 41839.8125 9
1675014046023 41236.8125 10
1675014046080 39972.25 11
1675014046141 40127.6875 12
1675014046191 38919.6875 13
1675014046249 38151.25 14
1675014046306 56653.5 15
1675014046359 37393.3125 16
1675014046429 36871.6875 17
1675014046491 36121.375 18
1675014046551 36232.8125 19
1675014046604 35781.0 20
1675014046663 52846.5 21
1675014046713 35035.125 22
1675014046773 51459.875 23
1675014046833 51290.5 24
1675014046880 34226.125 25
1675014046936 50281.25 26
1675014046990 33715.625 27
1675014047054 49552.125 28
1675014047104 33214.25 29
1675014047162 32943.0 30
1675014047219 49263.0 31
1675014047268 32723.0 32
1675014047326 48480.125 33
1675014047373 48767.0 34
1675014047423 32014.0 35
1675014047481 31946.375 36
1675014047539 31892.375 37
1675014047599 32408.25 38
1675014047646 47627.125 39
1675014047694 32111.5 40
1675014047741 46943.625 41
1675014047792 31865.0 42
1675014047846 31449.375 43
1675014047905 31501.875 44
1675014047954 31198.25 45
1675014048011 46281.25 46
1675014048061 45584.0 47
1675014048109 30298.5 48
1675014048176 45149.75 49
1675014048223 30111.0 50
1675014048282 30040.0 51
1675014048344 30260.75 52
1675014048394 30095.0 53
1675014048441 44314.25 54
1675014048489 30217.5 55
1675014048537 29168.5 56
1675014048596 29450.5 57
1675014048641 29877.75 58
1675014048689 29038.75 59
1675014048749 29309.5 60
1675014048796 28774.75 61
1675014048853 43610.25 62
1675014048902 43472.5 63
1675014048947 43520.25 64
1675014048997 29211.25 65
1675014049045 42961.75 66
1675014049091 28894.0 67
1675014049139 43145.75 68
1675014049186 28615.25 69
1675014049244 42576.75 70
1675014049289 28343.25 71
1675014049347 28429.5 72
1675014049397 42532.5 73
1675014049442 42295.25 74
1675014049490 42566.25 75
1675014049542 42492.25 76
1675014049589 28242.75 77
1675014049650 28243.25 78
1675014049700 28056.25 79
1675014049762 41955.75 80
1675014049815 27794.75 81
1675014049882 41685.0 82
1675014049937 28235.5 83
1675014049987 27697.75 84
1675014050049 28204.0 85
1675014050098 41907.0 86
1675014050147 41519.25 87
1675014050194 41549.75 88
1675014050244 41448.25 89
1675014050292 27611.25 90
1675014050352 27631.5 91
1675014050402 27779.25 92
1675014050450 27642.0 93
1675014050498 41550.0 94
1675014050547 27716.25 95
1675014050597 41179.0 96
1675014050647 26765.5 97
1675014050705 27426.0 98
1675014050755 27283.0 99
1675014050805 26960.75 100
1675014050852 26989.5 101
1675014050905 27176.25 102
1675014050952 26873.25 103
1675014051000 26891.75 104
1675014051052 26814.0 105
1675014051099 27105.5 106
1675014051149 40561.5 107
1675014051197 26877.0 108
1675014051247 39588.75 109
1675014051299 38048.5 110
1675014051349 38399.0 111
1675014051397 38548.5 112
1675014051444 38019.5 113
1675014051492 25496.5 114
1675014051554 25092.0 115
1675014051612 25320.5 116
1675014051657 37804.0 117
1675014051707 24947.0 118
1675014051762 38134.0 119
1675014051814 37735.0 120
1675014051864 25376.5 121
1675014051912 25279.5 122
1675014051960 24994.5 123
1675014052010 25792.5 124
1675014052059 37600.0 125
1675014052107 25272.0 126
1675014052152 37499.5 127
1675014052200 25088.5 128
1675014052249 37211.0 129
1675014052296 24878.5 130
1675014052355 37436.0 131
1675014052401 25136.5 132
1675014052451 25369.5 133
1675014052501 24889.5 134
1675014052548 25166.0 135
1675014052595 24733.5 136
1675014052655 24691.0 137
1675014052713 37736.0 138
1675014052761 24912.5 139
1675014052807 24544.0 140
1675014052867 37106.5 141
1675014052914 36780.5 142
1675014052964 24774.5 143
1675014053014 37055.5 144
1675014053072 24546.0 145
1675014053126 36872.0 146
1675014053181 36964.0 147
1675014053239 24201.0 148
1675014053301 36946.0 149
