1673892939452 50656.60546875 0
1673892939499 45609.17578125 1
1673892939546 43807.328125 2
1673892939593 42383.578125 3
1673892939639 41370.765625 4
1673892939686 80666.640625 5
1673892939733 79093.6875 6
1673892939764 77574.25 7
1673892939811 76429.28125 8
1673892939858 74471.0625 9
1673892939905 36628.625 10
1673892939952 36203.75 11
1673892939999 72019.5625 12
1673892940030 35568.625 13
1673892940079 34770.5625 14
1673892940142 34003.4375 15
1673892940189 33906.6875 16
1673892940235 67692.6875 17
1673892940267 67322.125 18
1673892940313 66577.1875 19
1673892940361 33260.0 20
1673892940408 33183.0 21
1673892940455 66221.875 22
1673892940486 32993.125 23
1673892940533 65614.375 24
1673892940580 65636.0 25
1673892940625 65250.25 26
1673892940672 32726.375 27
1673892940718 32364.625 28
1673892940765 65045.0 29
1673892940797 32151.875 30
1673892940843 32307.875 31
1673892940891 64525.5 32
1673892940938 64353.625 33
1673892940969 64372.375 34
1673892941016 32261.25 35
1673892941063 32147.5 36
1673892941110 32028.25 37
1673892941151 32071.75 38
1673892941182 64029.375 39
1673892941229 63935.375 40
1673892941276 31702.75 41
1673892941323 63842.75 42
1673892941355 32075.75 43
1673892941402 63337.25 44
1673892941448 63368.0 45
1673892941480 31546.25 46
1673892941527 63336.25 47
1673892941573 31486.5 48
1673892941620 31768.75 49
1673892941667 31949.0 50
1673892941698 31670.5 51
1673892941745 63148.75 52
1673892941792 62627.5 53
1673892941839 62809.25 54
1673892941870 31132.75 55
1673892941917 62671.0 56
1673892941964 62576.5 57
1673892941995 62435.0 58
1673892942042 31224.0 59
1673892942077 62632.25 60
1673892942124 31328.25 61
1673892942171 62422.5 62
1673892942202 62412.25 63
1673892942249 31094.5 64
1673892942297 30936.5 65
1673892942344 62317.5 66
1673892942375 62193.75 67
1673892942422 62177.25 68
1673892942469 31162.75 69
1673892942500 61958.75 70
1673892942547 62016.25 71
1673892942594 62075.5 72
1673892942625 30711.5 73
1673892942672 61480.0 74
1673892942719 61642.0 75
1673892942766 30669.0 76
1673892942812 61652.25 77
1673892942859 61090.75 78
1673892942895 61563.5 79
1673892942942 61326.0 80
1673892942989 30578.0 81
1673892943036 58105.5 82
1673892943083 54841.0 83
1673892943130 27569.0 84
1673892943177 27504.5 85
1673892943240 54785.0 86
1673892943271 27590.0 87
1673892943318 54871.5 88
1673892943365 54903.0 89
1673892943411 54835.5 90
1673892943458 27715.5 91
1673892943490 27358.5 92
1673892943552 27241.0 93
1673892943599 54991.5 94
1673892943630 54773.5 95
1673892943677 27038.5 96
1673892943724 27379.5 97
1673892943771 27422.5 98
1673892943818 54407.5 99
1673892943864 54342.5 100
1673892943911 27149.0 101
1673892943958 54423.0 102
1673892944005 27226.0 103
1673892944036 54358.0 104
1673892944083 54346.0 105
1673892944130 54401.5 106
1673892944177 26987.5 107
1673892944224 54324.5 108
1673892944271 27103.0 109
1673892944317 53936.5 110
1673892944364 54063.5 111
1673892944411 53935.0 112
1673892944458 27085.5 113
1673892944505 54032.0 114
1673892944536 53589.0 115
1673892944583 26950.0 116
1673892944630 53459.0 117
1673892944677 53700.5 118
1673892944724 26784.0 119
1673892944770 53447.0 120
1673892944833 53442.5 121
1673892944880 26701.5 122
1673892944927 53510.0 123
1673892944974 53489.5 124
1673892945020 53274.5 125
1673892945052 53587.0 126
1673892945099 26598.0 127
1673892945145 26647.5 128
1673892945192 26675.0 129
1673892945239 53421.0 130
1673892945286 26552.0 131
1673892945333 26778.5 132
1673892945380 26575.0 133
1673892945427 53110.5 134
1673892945473 53078.0 135
1673892945520 53310.0 136
1673892945567 52710.5 137
1673892945608 26560.5 138
1673892945655 52922.0 139
1673892945686 53242.0 140
1673892945733 52962.5 141
1673892945780 53285.5 142
1673892945826 26521.5 143
1673892945879 26648.0 144
1673892945926 53104.5 145
1673892945972 26606.5 146
1673892946004 53119.5 147
1673892946051 53040.0 148
1673892946098 53305.0 149
