1673946312965 7317981.5 0
1673946323253 7441168.5 1
1673946332500 3708190.0 2
1673946342788 2446284.0 3
1673946353022 2476824.0 4
1673946362414 2613482.0 5
1673946371715 2623346.0 6
1673946380946 2686076.0 7
1673946390213 2557884.0 8
1673946399419 1911048.0 9
1673946409590 1949048.0 10
1673946418876 2065548.0 11
1673946428070 2126544.0 12
1673946437316 2241400.0 13
1673946446598 2305740.0 14
1673946455853 2285732.0 15
1673946465049 2331304.0 16
1673946474251 2324128.0 17
1673946483472 2314080.0 18
1673946492640 2303572.0 19
1673946501913 2349940.0 20
1673946511207 2306400.0 21
1673946520395 2272232.0 22
1673946529562 2152024.0 23
1673946538716 18784.0 24
1673946550139 19000.0 25
1673946559609 18112.0 26
1673946569815 18312.0 27
1673946578988 18816.0 28
1673946588186 19256.0 29
1673946597404 19032.0 30
1673946606589 18408.0 31
1673946615753 18424.0 32
1673946625170 17896.0 33
1673946635363 18744.0 34
1673946644557 18752.0 35
1673946653752 19712.0 36
1673946662973 19296.0 37
1673946672172 19488.0 38
1673946681399 19464.0 39
1673946690593 19280.0 40
1673946699798 18864.0 41
1673946708972 18616.0 42
1673946718151 19112.0 43
1673946727320 19216.0 44
1673946736483 19648.0 45
1673946745621 19416.0 46
1673946754761 19464.0 47
1673946763887 18936.0 48
1673946773043 18808.0 49
1673946782217 19392.0 50
1673946791370 19752.0 51
1673946800596 18560.0 52
1673946809826 18992.0 53
1673946818964 19576.0 54
1673946828098 20288.0 55
1673946837231 18552.0 56
1673946846353 20280.0 57
1673946855540 19616.0 58
