1673976386995 6657941.5 0
1673976397344 6105962.5 1
1673976407518 4618716.0 2
1673976417767 2433586.0 3
1673976427920 2529038.0 4
1673976436769 2529446.0 5
1673976445584 2548252.0 6
1673976454364 2522896.0 7
1673976463127 2614946.0 8
1673976471902 2345836.0 9
1673976482114 2196008.0 10
1673976492264 2109636.0 11
1673976503578 2115448.0 12
1673976513765 2207632.0 13
1673976522672 2129112.0 14
1673976531458 2125400.0 15
1673976540172 2157440.0 16
1673976548917 2136156.0 17
1673976557657 2126336.0 18
1673976566395 2100068.0 19
1673976576457 2122672.0 20
1673976585220 2085180.0 21
1673976595324 2100572.0 22
1673976604165 2140732.0 23
1673976612883 2111772.0 24
1673976621604 257160.0 25
1673976631720 20152.0 26
1673976641805 20624.0 27
1673976650707 21000.0 28
1673976659407 21808.0 29
1673976668476 21120.0 30
1673976678038 21736.0 31
1673976688446 21592.0 32
1673976697562 21592.0 33
1673976706263 21600.0 34
1673976715009 20752.0 35
1673976723716 22024.0 36
1673976732427 21376.0 37
1673976741148 21656.0 38
1673976749860 20216.0 39
1673976758551 21112.0 40
1673976767277 21592.0 41
1673976775975 21056.0 42
1673976784721 21920.0 43
1673976793419 21208.0 44
1673976802115 22848.0 45
1673976810863 22088.0 46
1673976819526 22552.0 47
1673976828220 21264.0 48
1673976836851 22008.0 49
1673976845715 22496.0 50
1673976854567 22664.0 51
