1673911922312 6469611.0 0
1673911935815 5823474.0 1
1673911949280 5066955.0 2
1673911964311 2719172.0 3
1673911984880 2642420.0 4
1673912009575 2587682.0 5
1673912033819 2574880.0 6
1673912059251 2595200.0 7
1673912080517 2636968.0 8
1673912099919 2008590.0 9
1673912118586 1911160.0 10
1673912136663 1894028.0 11
1673912155153 1805596.0 12
1673912172639 1806628.0 13
1673912189156 1790492.0 14
1673912206225 1807036.0 15
1673912216828 1808460.0 16
1673912228610 1811532.0 17
1673912239848 1813148.0 18
1673912250923 1796796.0 19
1673912262321 1809796.0 20
1673912273483 1802308.0 21
1673912284441 1839344.0 22
1673912295331 1856992.0 23
1673912306393 1852052.0 24
1673912317228 1833452.0 25
1673912328242 1891472.0 26
1673912339163 856716.0 27
1673912351695 5208.0 28
1673912365295 5000.0 29
1673912380130 5024.0 30
1673912391780 4904.0 31
1673912404389 5144.0 32
1673912415569 5024.0 33
1673912426884 4936.0 34
1673912435847 4744.0 35
1673912445926 4696.0 36
1673912456473 5144.0 37
1673912465315 4768.0 38
1673912474363 4808.0 39
1673912484646 4632.0 40
1673912495274 4440.0 41
1673912509715 5104.0 42
1673912523280 4496.0 43
1673912537806 4704.0 44
1673912551843 5048.0 45
1673912565626 4288.0 46
1673912582432 4600.0 47
1673912597867 4544.0 48
1673912614412 4344.0 49
1673912629803 4824.0 50
1673912644811 4544.0 51
1673912659693 4704.0 52
1673912673503 4440.0 53
1673912688408 4608.0 54
1673912703388 4384.0 55
1673912718649 4680.0 56
1673912734628 4192.0 57
1673912751808 4600.0 58
1673912766752 4664.0 59
1673912781617 4688.0 60
1673912796626 4632.0 61
1673912811595 4224.0 62
1673912826632 4496.0 63
1673912842304 4528.0 64
1673912858629 4800.0 65
1673912873914 4704.0 66
1673912888984 4296.0 67
1673912904074 4432.0 68
1673912918962 4504.0 69
1673912933992 4640.0 70
1673912946436 4408.0 71
1673912955567 4576.0 72
1673912965846 4792.0 73
1673912975048 4536.0 74
1673912983796 4528.0 75
1673912992521 3992.0 76
1673913002565 4552.0 77
1673913011372 4520.0 78
1673913020155 4600.0 79
1673913028858 4360.0 80
1673913037684 4288.0 81
1673913046506 4384.0 82
1673913055240 4408.0 83
1673913063988 4728.0 84
1673913072705 4472.0 85
1673913082867 4552.0 86
1673913092639 4672.0 87
1673913101417 4128.0 88
1673913110178 4616.0 89
1673913118912 4744.0 90
1673913127738 4440.0 91
1673913136698 3904.0 92
1673913146823 4920.0 93
1673913155646 4400.0 94
1673913164380 4480.0 95
1673913173166 4680.0 96
1673913181996 4248.0 97
1673913190658 4376.0 98
1673913200630 4592.0 99
1673913210860 4808.0 100
1673913219540 4464.0 101
1673913228246 4592.0 102
1673913236942 4416.0 103
1673913245659 4856.0 104
1673913254332 4400.0 105
1673913262990 4512.0 106
1673913271611 4696.0 107
1673913280280 4648.0 108
1673913288933 5008.0 109
1673913297607 5248.0 110
1673913306215 4888.0 111
1673913315174 5048.0 112
1673913325401 4760.0 113
1673913334571 5048.0 114
1673913343157 5048.0 115
1673913351806 4688.0 116
1673913360397 5008.0 117
