1674025992837 4919548.0 0
1674026003262 3782637.0 1
1674026013688 4434716.0 2
1674026022972 3864943.0 3
1674026032321 1837626.0 4
1674026042681 1792274.0 5
1674026052962 1798456.0 6
1674026062166 1749570.0 7
1674026072399 1720182.0 8
1674026082594 1757434.0 9
1674026091608 1746824.0 10
1674026100683 1770654.0 11
1674026109738 1779620.0 12
1674026118812 1180940.0 13
1674026128850 925004.0 14
1674026138945 895972.0 15
1674026148983 916120.0 16
1674026157932 915052.0 17
1674026166811 912780.0 18
1674026175703 914896.0 19
1674026184548 915476.0 20
1674026193382 930688.0 21
1674026202230 941352.0 22
1674026211094 945492.0 23
1674026219917 952024.0 24
1674026228760 947804.0 25
1674026237607 969148.0 26
1674026246396 963648.0 27
1674026255238 978500.0 28
1674026263978 957856.0 29
1674026272759 969368.0 30
1674026281521 964352.0 31
1674026290306 943920.0 32
1674026299479 988512.0 33
1674026308308 958644.0 34
1674026317210 960788.0 35
1674026325955 973112.0 36
1674026334740 987928.0 37
1674026343473 984032.0 38
1674026352197 956416.0 39
1674026360943 977080.0 40
