1673896033656 29109.55859375 0
1673896033672 26090.33203125 1
1673896033703 24428.890625 2
1673896033719 22481.6875 3
1673896033734 21993.9140625 4
1673896033766 21218.5234375 5
1673896033781 29617.59375 6
1673896033813 20044.734375 7
1673896033828 27942.140625 8
1673896033844 27632.5 9
1673896033866 26899.96875 10
1673896033898 26818.5 11
1673896033914 18101.5625 12
1673896033937 18022.28125 13
1673896033953 17852.0625 14
1673896033984 17770.71875 15
1673896034000 25643.28125 16
1673896034031 25589.09375 17
1673896034047 25498.34375 18
1673896034073 25213.59375 19
1673896034089 17304.625 20
1673896034105 17386.59375 21
1673896034136 25124.875 22
1673896034152 17059.1875 23
1673896034167 25165.375 24
1673896034198 17159.9375 25
1673896034221 24516.0625 26
1673896034236 24702.4375 27
1673896034252 17170.6875 28
1673896034281 24465.0 29
1673896034297 24708.375 30
1673896034314 17224.5625 31
1673896034338 17054.6875 32
1673896034353 24755.0625 33
1673896034369 24438.9375 34
1673896034400 16870.1875 35
1673896034416 23943.25 36
1673896034447 24306.4375 37
1673896034463 16818.625 38
1673896034496 24058.625 39
1673896034515 24146.5 40
1673896034539 24103.25 41
1673896034555 16578.25 42
1673896034570 16675.5625 43
1673896034601 23877.5 44
1673896034617 24218.4375 45
1673896034633 16601.625 46
1673896034664 16566.6875 47
1673896034680 23930.625 48
1673896034710 23815.375 49
1673896034726 16407.25 50
1673896034742 23792.375 51
1673896034773 23692.25 52
1673896034789 16412.125 53
1673896034805 23816.875 54
1673896034820 16383.5 55
1673896034851 23672.25 56
1673896034867 23782.625 57
1673896034898 16405.0 58
1673896034921 23584.125 59
1673896034937 23499.5 60
1673896034961 23764.625 61
1673896034985 23480.375 62
1673896035001 23725.25 63
1673896035025 23582.875 64
1673896035049 23514.125 65
1673896035065 23528.0 66
1673896035089 23576.625 67
1673896035105 16265.0 68
1673896035126 23626.625 69
1673896035155 23555.0 70
1673896035173 16453.375 71
1673896035189 16127.5 72
1673896035220 23478.75 73
1673896035235 15991.25 74
1673896035251 23437.75 75
1673896035282 15909.25 76
1673896035298 23387.0 77
1673896035313 23293.625 78
1673896035339 23015.5 79
1673896035363 23264.875 80
1673896035379 23549.375 81
1673896035395 23468.875 82
1673896035426 23072.875 83
1673896035442 23113.875 84
1673896035458 23174.625 85
1673896035489 16205.875 86
1673896035504 23450.0 87
1673896035520 23361.625 88
1673896035541 23435.75 89
1673896035576 23285.625 90
1673896035592 23212.625 91
1673896035616 16256.375 92
1673896035632 23436.0 93
1673896035647 23272.375 94
1673896035663 23087.5 95
1673896035694 16146.5 96
1673896035709 15776.25 97
1673896035740 16212.25 98
1673896035749 23321.75 99
1673896035781 16195.25 100
1673896035797 23105.5 101
1673896035821 15879.5 102
1673896035836 23363.75 103
1673896035852 23008.0 104
1673896035867 15932.0 105
1673896035899 16000.5 106
1673896035914 15934.25 107
1673896035930 22987.75 108
1673896035961 23093.25 109
1673896035983 23027.0 110
1673896036001 23085.5 111
1673896036025 23003.25 112
1673896036041 23060.0 113
1673896036057 23058.75 114
1673896036072 22909.0 115
1673896036103 22761.75 116
1673896036119 16012.0 117
1673896036135 15761.5 118
1673896036170 23091.25 119
1673896036194 23138.25 120
1673896036210 23150.25 121
1673896036225 23061.5 122
1673896036241 23099.5 123
1673896036272 22730.5 124
1673896036288 22609.5 125
1673896036303 16001.0 126
1673896036335 15740.75 127
1673896036350 22709.25 128
1673896036377 23063.75 129
1673896036393 15850.75 130
1673896036415 22821.75 131
1673896036435 22940.75 132
1673896036464 38499.5 133
1673896036480 22907.75 134
1673896036510 22668.5 135
1673896036531 15710.5 136
1673896036560 22863.25 137
1673896036580 22586.25 138
1673896036610 22792.0 139
1673896036631 22805.75 140
1673896036660 15906.5 141
1673896036680 22941.25 142
1673896036702 15858.25 143
1673896036727 22736.25 144
1673896036742 16000.0 145
1673896036774 22782.75 146
1673896036794 15696.0 147
1673896036818 22781.0 148
1673896036843 15607.5 149
