1674097749835 6676792.5 0
1674097771647 6112743.5 1
1674097792150 4478440.0 2
1674097813900 2290196.0 3
1674097836094 2392442.0 4
1674097856583 2240924.0 5
1674097878087 2164232.0 6
1674097899623 2087130.0 7
1674097921152 2088554.0 8
1674097939835 2083514.0 9
1674097960887 1874212.0 10
1674097981765 1678796.0 11
1674098003102 1676608.0 12
1674098025697 1690388.0 13
1674098045384 1621012.0 14
1674098066566 1542032.0 15
1674098087867 1622848.0 16
1674098107363 1577408.0 17
1674098126427 1585228.0 18
1674098145474 1567728.0 19
1674098164288 1528824.0 20
1674098185520 1446896.0 21
1674098208194 1418812.0 22
1674098228652 1393368.0 23
1674098250116 1449860.0 24
1674098269455 1369112.0 25
1674098290301 1433312.0 26
1674098309780 1419404.0 27
1674098328843 1363344.0 28
1674098350148 1356924.0 29
1674098371092 1350068.0 30
1674098391968 1341112.0 31
1674098411871 1192240.0 32
1674098435528 88568.0 33
1674098457538 88176.0 34
1674098477780 82872.0 35
1674098499054 84760.0 36
1674098517426 87208.0 37
1674098536272 89272.0 38
1674098555068 86336.0 39
1674098574131 87720.0 40
1674098592980 88128.0 41
1674098611991 83584.0 42
1674098631841 85720.0 43
1674098651503 87888.0 44
1674098670467 84832.0 45
1674098689185 84000.0 46
1674098706743 85864.0 47
1674098726534 86272.0 48
1674098745314 84976.0 49
1674098762043 87456.0 50
1674098772466 85888.0 51
1674098783315 86792.0 52
1674098794925 87192.0 53
1674098804947 85936.0 54
1674098814668 85480.0 55
1674098824303 85520.0 56
1674098833944 86048.0 57
1674098843672 83736.0 58
1674098853462 85456.0 59
1674098863248 85824.0 60
