1673893273913 75777.359375 0
1673893273960 63643.09375 1
1673893273991 55852.4375 2
1673893274038 25400.125 3
1673893274069 49650.296875 4
1673893274100 23477.875 5
1673893274146 22897.4375 6
1673893274193 22490.125 7
1673893274240 44339.71875 8
1673893274271 43146.5 9
1673893274302 42300.1875 10
1673893274333 41217.75 11
1673893274380 40888.90625 12
1673893274413 40227.25 13
1673893274444 39552.6875 14
1673893274475 20155.5 15
1673893274522 38766.375 16
1673893274553 38190.75 17
1673893274584 38076.625 18
1673893274616 37772.9375 19
1673893274662 37672.5 20
1673893274694 37457.3125 21
1673893274725 37029.5 22
1673893274756 18317.6875 23
1673893274803 36469.875 24
1673893274834 36420.125 25
1673893274866 36004.5625 26
1673893274909 35267.0 27
1673893274940 35358.0 28
1673893274971 34781.125 29
1673893275003 35102.625 30
1673893275034 17334.75 31
1673893275082 17469.625 32
1673893275113 34409.875 33
1673893275144 17342.875 34
1673893275175 34316.375 35
1673893275216 34114.0 36
1673893275247 34356.75 37
1673893275278 34219.75 38
1673893275310 17302.5 39
1673893275356 17079.25 40
1673893275388 17171.25 41
1673893275435 34004.5 42
1673893275467 33726.25 43
1673893275498 16878.375 44
1673893275529 16806.25 45
1673893275580 33491.75 46
1673893275611 33242.125 47
1673893275642 33350.375 48
1673893275674 33502.25 49
1673893275705 16874.625 50
1673893275752 16501.875 51
1673893275784 33208.375 52
1673893275815 33104.625 53
1673893275862 32833.75 54
1673893275893 32664.25 55
1673893275924 16327.625 56
1673893275960 16382.75 57
1673893275991 32645.375 58
1673893276038 16378.375 59
1673893276069 32375.25 60
1673893276100 16334.375 61
1673893276131 32263.25 62
1673893276164 32430.25 63
1673893276195 32482.75 64
1673893276226 32097.125 65
1673893276273 31741.5 66
1673893276304 15852.0 67
1673893276335 31331.0 68
1673893276367 31479.5 69
1673893276398 31613.75 70
1673893276429 31530.5 71
1673893276476 31342.75 72
1673893276507 31369.5 73
1673893276538 31511.25 74
1673893276570 15891.5 75
1673893276601 31388.0 76
1673893276632 31128.0 77
1673893276663 31150.5 78
1673893276710 15802.5 79
1673893276742 31311.75 80
1673893276773 15365.25 81
1673893276820 15424.0 82
1673893276851 15491.75 83
1673893276882 15627.0 84
1673893276913 30613.0 85
1673893276954 30599.5 86
1673893276985 15523.5 87
1673893277016 30722.75 88
1673893277048 30513.75 89
1673893277079 15370.75 90
1673893277126 30724.0 91
1673893277158 30515.75 92
1673893277189 30816.75 93
1673893277220 30613.75 94
1673893277251 30385.5 95
1673893277283 30286.0 96
1673893277314 30720.75 97
1673893277356 30275.0 98
1673893277387 30417.75 99
1673893277434 30227.25 100
1673893277465 30043.0 101
1673893277496 15247.25 102
1673893277528 30333.75 103
1673893277560 14947.0 104
1673893277607 30179.25 105
1673893277638 30206.75 106
1673893277669 29961.5 107
1673893277700 29924.5 108
1673893277732 30199.25 109
1673893277778 14949.75 110
1673893277810 29955.0 111
1673893277841 14882.5 112
1673893277888 29802.0 113
1673893277919 14867.5 114
1673893277950 14908.0 115
1673893277981 30110.25 116
1673893278028 29741.25 117
1673893278060 14991.25 118
1673893278091 14799.0 119
1673893278122 29784.75 120
1673893278169 29998.5 121
1673893278200 29795.0 122
1673893278231 29622.75 123
1673893278263 29548.25 124
1673893278304 29295.25 125
1673893278335 29705.75 126
1673893278366 14851.25 127
1673893278397 29298.25 128
1673893278429 29597.75 129
1673893278460 14719.75 130
1673893278508 29444.5 131
1673893278539 29612.25 132
1673893278570 29250.25 133
1673893278601 29052.0 134
1673893278648 29397.0 135
1673893278680 29142.5 136
1673893278711 29128.5 137
1673893278742 14597.5 138
1673893278789 29015.25 139
1673893278820 29129.5 140
1673893278851 14709.75 141
1673893278898 29267.25 142
1673893278930 29247.25 143
1673893278961 28914.25 144
1673893279008 14138.75 145
1673893279039 28425.0 146
1673893279088 14136.5 147
1673893279119 14042.0 148
1673893279166 14374.5 149
