1673994425081 8864919.0 0
1673994445540 8013925.0 1
1673994466596 3803052.0 2
1673994486992 3786640.0 3
1673994507133 3723962.0 4
1673994527798 3765768.0 5
1673994547289 2977586.0 6
1673994572079 2412324.0 7
1673994594826 2579224.0 8
1673994617206 2590224.0 9
1673994640337 2487748.0 10
1673994666719 3004064.0 11
1673994692262 2847944.0 12
1673994717894 2824560.0 13
1673994742213 2720980.0 14
1673994760649 2611652.0 15
1673994779702 2598600.0 16
1673994800568 2561012.0 17
1673994819018 2600396.0 18
1673994837287 356164.0 19
1673994857215 24464.0 20
1673994877126 24376.0 21
1673994900851 24768.0 22
1673994924736 24696.0 23
1673994946610 25528.0 24
1673994965692 24144.0 25
1673994987943 25320.0 26
1673995008491 24480.0 27
1673995028188 25560.0 28
1673995048649 25296.0 29
1673995069644 25776.0 30
1673995091706 25464.0 31
1673995112276 25976.0 32
1673995132016 26568.0 33
1673995154898 25680.0 34
1673995173006 26096.0 35
1673995191062 26848.0 36
1673995209409 27568.0 37
1673995230002 26880.0 38
1673995249727 27424.0 39
1673995268140 27352.0 40
1673995286968 27840.0 41
1673995304928 27776.0 42
1673995322951 29312.0 43
1673995340979 28320.0 44
1673995358904 28536.0 45
1673995376980 28208.0 46
1673995395229 28800.0 47
1673995416045 29024.0 48
1673995434161 28328.0 49
1673995453720 28792.0 50
