1673979156480 8736424.0 0
1673979172217 7900388.0 1
1673979187875 3788848.0 2
1673979205212 3688164.0 3
1673979221485 3716336.0 4
1673979235650 3688960.0 5
1673979249711 3120668.0 6
1673979265137 2557164.0 7
1673979280581 2508204.0 8
1673979295985 2541732.0 9
1673979310132 2553584.0 10
1673979324078 2541340.0 11
1673979337827 2552008.0 12
1673979351675 2577168.0 13
1673979365496 2545920.0 14
1673979380534 2535988.0 15
1673979396000 2584640.0 16
1673979409792 2600900.0 17
1673979423630 2581828.0 18
1673979437323 1798304.0 19
1673979452728 32320.0 20
1673979467982 31240.0 21
1673979483315 31992.0 22
1673979497367 32224.0 23
1673979511324 32200.0 24
1673979525123 31312.0 25
1673979538959 32784.0 26
1673979552747 32392.0 27
1673979568990 32136.0 28
1673979583022 32032.0 29
1673979596784 31968.0 30
1673979610573 32856.0 31
1673979624367 35176.0 32
1673979638083 34216.0 33
1673979651887 34680.0 34
1673979665691 34656.0 35
1673979679438 35712.0 36
1673979693199 34296.0 37
1673979706906 35424.0 38
1673979720701 35584.0 39
1673979734551 34224.0 40
1673979750673 35280.0 41
1673979764396 33536.0 42
1673979778117 35984.0 43
1673979791778 38080.0 44
1673979805501 37640.0 45
1673979819159 37664.0 46
