1673893115416 70305.671875 0
1673893115478 128235.421875 1
1673893115525 56968.265625 2
1673893115588 105555.046875 3
1673893115650 49105.84375 4
1673893115713 95271.3125 5
1673893115760 91846.9375 6
1673893115806 45109.3125 7
1673893115869 44806.0 8
1673893115931 43960.4375 9
1673893115994 87952.0625 10
1673893116064 43617.5 11
1673893116126 43452.5625 12
1673893116189 86432.8125 13
1673893116237 43215.1875 14
1673893116284 42758.25 15
1673893116346 85589.875 16
1673893116409 85326.25 17
1673893116455 85224.625 18
1673893116518 84937.125 19
1673893116565 84616.375 20
1673893116627 84476.75 21
1673893116674 41958.5 22
1673893116737 84035.375 23
1673893116783 41991.75 24
1673893116846 83845.75 25
1673893116893 83544.125 26
1673893116955 83309.875 27
1673893117002 41491.25 28
1673893117064 41613.625 29
1673893117118 38739.875 30
1673893117180 76408.75 31
1673893117227 38205.5 32
1673893117289 76206.5 33
1673893117352 37987.0 34
1673893117399 38305.0 35
1673893117461 76110.5 36
1673893117508 38144.0 37
1673893117571 38427.5 38
1673893117618 76322.25 39
1673893117681 75910.5 40
1673893117743 75985.25 41
1673893117806 76296.5 42
1673893117868 38212.5 43
1673893117915 38038.25 44
1673893117978 76011.25 45
1673893118040 75916.0 46
1673893118103 75791.25 47
1673893118167 75664.0 48
1673893118229 75829.25 49
1673893118292 38033.25 50
1673893118355 37682.75 51
1673893118418 38059.0 52
1673893118480 37696.0 53
1673893118542 37720.5 54
1673893118605 75148.25 55
1673893118667 38070.75 56
1673893118720 37719.0 57
1673893118782 37871.5 58
1673893118860 75294.5 59
1673893118924 38079.25 60
1673893118971 75332.0 61
1673893119033 75526.0 62
1673893119096 37702.75 63
1673893119158 37579.75 64
1673893119221 37573.25 65
1673893119299 75242.0 66
1673893119355 37447.25 67
1673893119417 71779.25 68
1673893119495 70099.0 69
1673893119559 70115.5 70
1673893119621 70031.5 71
1673893119668 35357.5 72
1673893119730 70169.5 73
1673893119793 35025.0 74
1673893119871 34844.0 75
1673893119934 35125.5 76
1673893119996 35016.5 77
1673893120043 34857.5 78
1673893120105 69995.5 79
1673893120173 69818.5 80
1673893120235 34984.0 81
1673893120282 34883.5 82
1673893120345 34774.0 83
1673893120408 70118.5 84
1673893120470 69786.5 85
1673893120533 69477.0 86
1673893120595 69717.5 87
1673893120658 69679.0 88
1673893120720 34543.0 89
1673893120782 34861.5 90
1673893120845 69807.0 91
1673893120908 69641.5 92
1673893120970 69670.5 93
1673893121017 69619.5 94
1673893121080 34617.0 95
1673893121142 69320.5 96
1673893121205 69574.5 97
1673893121267 34683.5 98
1673893121314 69202.0 99
1673893121377 69354.0 100
1673893121455 69408.5 101
1673893121505 69087.0 102
1673893121568 69369.0 103
1673893121630 34447.0 104
1673893121699 34818.5 105
1673893121761 69159.5 106
1673893121824 69216.5 107
1673893121886 34512.0 108
1673893121933 34508.0 109
1673893121996 68923.0 110
1673893122058 34433.0 111
1673893122121 34468.5 112
1673893122183 69056.0 113
1673893122245 68871.5 114
1673893122292 34475.5 115
1673893122355 34439.0 116
1673893122417 68590.5 117
1673893122480 68700.5 118
1673893122542 68601.5 119
1673893122605 34295.0 120
1673893122667 34254.0 121
1673893122730 34245.5 122
1673893122808 34324.5 123
1673893122861 68737.5 124
1673893122924 34263.0 125
1673893122970 34292.0 126
1673893123033 34220.5 127
1673893123095 34055.0 128
1673893123158 34055.5 129
1673893123220 68033.5 130
1673893123283 34094.0 131
1673893123345 68062.5 132
1673893123408 34132.0 133
1673893123463 34138.5 134
1673893123526 68307.5 135
1673893123588 34014.5 136
1673893123651 33976.5 137
1673893123714 34025.0 138
1673893123777 34070.0 139
1673893123824 33887.0 140
1673893123899 33983.5 141
1673893123961 33963.0 142
1673893124024 33937.0 143
1673893124070 34041.5 144
1673893124134 67814.0 145
1673893124200 34013.0 146
1673893124263 67495.5 147
1673893124309 67570.0 148
1673893124372 33770.5 149
