1674051395556 7185210.0 0
1674051413029 6663521.0 1
1674051430310 4229741.0 2
1674051447488 2391978.0 3
1674051464662 2448250.0 4
1674051480111 2432354.0 5
1674051495596 2413866.0 6
1674051510826 2408892.0 7
1674051526024 2359810.0 8
1674051542875 2094406.0 9
1674051559506 1805320.0 10
1674051576260 1801888.0 11
1674051592760 1826860.0 12
1674051607663 1883200.0 13
1674051624122 1925856.0 14
1674051640220 1900796.0 15
1674051655062 1886556.0 16
1674051670363 1854456.0 17
1674051685145 1811216.0 18
1674051699916 1811120.0 19
1674051714647 1750372.0 20
1674051731195 1751908.0 21
1674051745947 1750080.0 22
1674051762351 1726660.0 23
1674051778663 1672600.0 24
1674051795132 1626884.0 25
1674051812934 1625656.0 26
1674051829356 1628788.0 27
1674051844180 531020.0 28
1674051860684 126920.0 29
1674051876870 129104.0 30
1674051891670 128592.0 31
1674051906230 128576.0 32
1674051920833 132624.0 33
1674051935616 125208.0 34
1674051951942 128800.0 35
1674051966575 122688.0 36
1674051984347 127704.0 37
1674051999958 124944.0 38
1674052014553 123176.0 39
1674052029304 123224.0 40
1674052043794 121384.0 41
1674052060072 124392.0 42
1674052074599 122856.0 43
1674052089048 122440.0 44
1674052103480 121880.0 45
1674052118057 121224.0 46
1674052134237 123224.0 47
1674052148710 122976.0 48
1674052163455 121680.0 49
1674052177831 121520.0 50
1674052192132 122976.0 51
1674052206683 120320.0 52
1674052224573 122296.0 53
1674052240246 124144.0 54
1674052254622 119072.0 55
1674052270820 119296.0 56
1674052285227 121048.0 57
1674052299531 122640.0 58
1674052313788 119024.0 59
1674052329855 119248.0 60
1674052344246 118152.0 61
1674052360244 118296.0 62
1674052374680 120856.0 63
1674052388609 117272.0 64
1674052406660 114880.0 65
1674052422979 118496.0 66
1674052437370 117216.0 67
1674052451884 119120.0 68
1674052466111 119328.0 69
1674052480327 115200.0 70
1674052494503 115832.0 71
1674052508662 116336.0 72
1674052522829 117056.0 73
1674052537008 114632.0 74
1674052552972 116056.0 75
1674052567286 118584.0 76
1674052582968 118256.0 77
1674052598450 115320.0 78
1674052612661 113496.0 79
1674052628562 116448.0 80
1674052642821 112872.0 81
1674052658730 113944.0 82
1674052672935 115904.0 83
1674052687037 112720.0 84
1674052702899 113680.0 85
1674052717178 110816.0 86
1674052733088 114192.0 87
1674052747333 111400.0 88
1674052761445 113640.0 89
1674052775566 107808.0 90
1674052791445 109352.0 91
1674052805974 109520.0 92
1674052821351 104168.0 93
1674052838406 104704.0 94
1674052852519 107912.0 95
1674052866884 110208.0 96
1674052881052 106640.0 97
1674052895129 107608.0 98
1674052909216 105528.0 99
1674052923298 106608.0 100
1674052937362 104872.0 101
1674052951463 108472.0 102
1674052965526 101864.0 103
1674052981380 101088.0 104
1674052997642 103056.0 105
1674053013805 100992.0 106
1674053029552 100136.0 107
1674053045210 101064.0 108
1674053059449 100264.0 109
1674053073740 100528.0 110
1674053087722 98296.0 111
1674053103503 97464.0 112
1674053119140 99576.0 113
1674053133359 96648.0 114
1674053149564 95720.0 115
1674053165250 98216.0 116
1674053179353 94480.0 117
1674053196536 95512.0 118
1674053211732 98072.0 119
1674053225864 96760.0 120
1674053239911 93280.0 121
1674053255731 92664.0 122
1674053271356 91936.0 123
1674053286971 92016.0 124
1674053301135 90888.0 125
1674053316917 92888.0 126
1674053330907 88104.0 127
1674053346649 87296.0 128
1674053362202 86656.0 129
1674053377662 87992.0 130
1674053391924 89256.0 131
1674053405643 85056.0 132
1674053422552 86160.0 133
1674053437752 82016.0 134
1674053453243 82408.0 135
1674053469887 82912.0 136
1674053494132 80792.0 137
1674053520559 80576.0 138
1674053548910 78152.0 139
1674053574192 76720.0 140
1674053600735 74272.0 141
1674053629767 79200.0 142
1674053656429 76608.0 143
1674053680650 77112.0 144
1674053705983 78192.0 145
1674053730436 77248.0 146
1674053753883 79040.0 147
1674053778184 81720.0 148
1674053804124 94424.0 149
