1674015426043 5005327.0 0
1674015436413 3799230.0 1
1674015446755 4379667.0 2
1674015456004 3826514.0 3
1674015465212 1740300.0 4
1674015475481 1750510.0 5
1674015484654 1776810.0 6
1674015493780 1660604.0 7
1674015504011 1736182.0 8
1674015513170 1744572.0 9
1674015522233 1709288.0 10
1674015531247 1708152.0 11
1674015540311 1717432.0 12
1674015549284 1367716.0 13
1674015559388 884076.0 14
1674015569439 897272.0 15
1674015578368 892780.0 16
1674015587332 899920.0 17
1674015596255 901028.0 18
1674015605155 872224.0 19
1674015615167 905800.0 20
1674015624158 894700.0 21
1674015633000 901748.0 22
1674015641875 891372.0 23
1674015650683 914156.0 24
1674015659566 923804.0 25
1674015668469 920620.0 26
1674015677285 912176.0 27
1674015686121 953684.0 28
1674015694930 954980.0 29
1674015703715 939848.0 30
1674015712583 942820.0 31
1674015721660 975984.0 32
1674015730370 955388.0 33
1674015739192 964204.0 34
1674015747976 945232.0 35
1674015756728 970660.0 36
1674015765459 962568.0 37
1674015774174 956068.0 38
1674015782945 953596.0 39
1674015791662 956720.0 40
1674015800432 950208.0 41
1674015809206 934692.0 42
1674015818013 972444.0 43
1674015826722 950996.0 44
