1673896216172 52426.27734375 0
1673896216203 26411.86328125 1
1673896216235 35279.0546875 2
1673896216250 22617.6953125 3
1673896216281 21623.03125 4
1673896216313 30702.46875 5
1673896216328 19730.546875 6
1673896216360 19287.78125 7
1673896216391 18567.46875 8
1673896216422 18237.96875 9
1673896216438 17856.5 10
1673896216469 25256.65625 11
1673896216500 17186.21875 12
1673896216531 24910.6875 13
1673896216547 24215.9375 14
1673896216578 16394.3125 15
1673896216609 23739.15625 16
1673896216625 23031.21875 17
1673896216656 15843.46875 18
1673896216688 22470.90625 19
1673896216703 22326.3125 20
1673896216734 21969.34375 21
1673896216750 14936.5625 22
1673896216781 21409.8125 23
1673896216813 21196.4375 24
1673896216845 21274.0 25
1673896216876 14581.4375 26
1673896216892 14525.25 27
1673896216923 14293.25 28
1673896216955 20684.5 29
1673896216997 14079.75 30
1673896217013 14049.25 31
1673896217044 20176.5 32
1673896217075 13935.125 33
1673896217107 13832.1875 34
1673896217122 20089.3125 35
1673896217153 13857.6875 36
1673896217169 13613.25 37
1673896217200 19653.4375 38
1673896217232 13591.6875 39
1673896217248 13589.0 40
1673896217279 13204.6875 41
1673896217311 19544.5 42
1673896217326 13129.875 43
1673896217357 13288.5 44
1673896217389 19063.625 45
1673896217414 19108.375 46
1673896217430 13195.5 47
1673896217461 13035.875 48
1673896217477 19095.0625 49
1673896217509 12856.125 50
1673896217540 12754.875 51
1673896217571 18889.9375 52
1673896217587 12874.5 53
1673896217618 18475.625 54
1673896217634 18422.0 55
1673896217665 18431.0 56
1673896217681 12674.75 57
1673896217712 18232.125 58
1673896217743 12559.875 59
1673896217775 18281.25 60
1673896217790 17997.25 61
1673896217821 12321.0 62
1673896217837 12512.5 63
1673896217868 12310.625 64
1673896217900 18155.5 65
1673896217915 12411.125 66
1673896217946 17941.875 67
1673896217962 12278.125 68
1673896217993 12393.0 69
1673896218032 17701.0 70
1673896218050 17728.625 71
1673896218065 12186.625 72
1673896218096 12190.875 73
1673896218128 17518.25 74
1673896218144 17559.375 75
1673896218175 12177.125 76
1673896218207 17499.625 77
1673896218222 17461.0 78
1673896218254 12219.375 79
1673896218269 11992.375 80
1673896218300 17431.375 81
1673896218316 11980.375 82
1673896218347 11998.125 83
1673896218379 11820.875 84
1673896218394 11976.625 85
1673896218425 12138.625 86
1673896218441 17295.0 87
1673896218472 11734.25 88
1673896218488 11778.125 89
1673896218519 11890.625 90
1673896218550 17161.5 91
1673896218566 12014.5 92
1673896218597 17176.875 93
1673896218613 11889.375 94
1673896218644 17160.375 95
1673896218660 11702.625 96
1673896218691 11790.375 97
1673896218707 11735.75 98
1673896218738 17096.0 99
1673896218769 16960.875 100
1673896218785 11690.25 101
1673896218816 16919.375 102
1673896218847 11551.375 103
1673896218878 17203.0 104
1673896218894 16868.25 105
1673896218925 16551.75 106
1673896218941 16605.75 107
1673896218972 11330.875 108
1673896219003 16668.125 109
1673896219019 16587.875 110
1673896219050 16708.375 111
1673896219066 11379.375 112
1673896219097 16517.25 113
1673896219113 16725.5 114
1673896219144 11487.0 115
1673896219160 16525.75 116
1673896219191 11392.5 117
1673896219206 11486.25 118
1673896219238 16312.5 119
1673896219253 16413.375 120
1673896219285 11293.375 121
1673896219316 16497.25 122
1673896219331 11349.375 123
1673896219363 11291.0 124
1673896219378 11066.375 125
1673896219410 11267.0 126
1673896219441 11020.0 127
1673896219456 15928.75 128
1673896219488 10881.75 129
1673896219519 10889.75 130
1673896219535 15815.5 131
1673896219566 15606.25 132
1673896219581 10833.0 133
1673896219613 10879.5 134
1673896219628 10813.25 135
1673896219659 10856.5 136
1673896219691 15681.75 137
1673896219706 15930.5 138
1673896219738 10721.0 139
1673896219753 15699.0 140
1673896219784 10732.75 141
1673896219800 10773.75 142
1673896219831 10743.0 143
1673896219847 15475.0 144
1673896219878 10815.25 145
1673896219894 15532.25 146
1673896219925 10810.25 147
1673896219941 10648.75 148
1673896219972 10679.5 149
