1673893300905 38862.7109375 0
1673893300967 71634.1953125 1
1673893300998 65437.34375 2
1673893301045 29571.546875 3
1673893301092 56445.765625 4
1673893301139 53174.5 5
1673893301186 51050.21875 6
1673893301233 24337.0625 7
1673893301280 23815.875 8
1673893301326 46147.59375 9
1673893301373 22451.78125 10
1673893301420 22056.03125 11
1673893301475 21725.25 12
1673893301523 42562.5 13
1673893301571 41972.125 14
1673893301618 20809.6875 15
1673893301665 40712.75 16
1673893301712 40145.75 17
1673893301743 19990.625 18
1673893301805 39532.5625 19
1673893301837 19462.875 20
1673893301884 38758.8125 21
1673893301931 19037.0 22
1673893301978 18871.3125 23
1673893302025 37546.8125 24
1673893302072 18683.8125 25
1673893302133 36802.0625 26
1673893302164 18502.8125 27
1673893302226 36698.9375 28
1673893302257 36125.4375 29
1673893302305 17666.0 30
1673893302352 17749.25 31
1673893302399 17604.0 32
1673893302446 35358.5 33
1673893302493 35101.25 34
1673893302524 17486.75 35
1673893302586 17273.125 36
1673893302627 34679.625 37
1673893302674 17065.0 38
1673893302720 34705.375 39
1673893302752 34118.125 40
1673893302798 17130.875 41
1673893302847 16972.125 42
1673893302894 33531.125 43
1673893302941 17176.75 44
1673893302972 16882.625 45
1673893303019 16626.5 46
1673893303067 16659.625 47
1673893303118 16550.625 48
1673893303165 16617.875 49
1673893303196 32571.875 50
1673893303243 16273.875 51
1673893303290 16455.875 52
1673893303337 32453.25 53
1673893303384 32666.25 54
1673893303415 32247.125 55
1673893303462 16248.0 56
1673893303509 32090.875 57
1673893303540 15799.5 58
1673893303587 16149.25 59
1673893303634 31659.25 60
1673893303665 31582.75 61
1673893303712 15976.125 62
1673893303759 31368.375 63
1673893303806 31601.0 64
1673893303837 31318.375 65
1673893303884 15664.375 66
1673893303931 15444.875 67
1673893303978 15531.75 68
1673893304025 30794.0 69
1673893304056 15375.625 70
1673893304103 15439.0 71
1673893304150 30492.875 72
1673893304204 30592.125 73
1673893304238 15165.25 74
1673893304285 14903.5 75
1673893304348 14664.75 76
1673893304394 14929.25 77
1673893304442 14706.25 78
1673893304473 29059.0 79
1673893304520 29275.25 80
1673893304567 14572.75 81
1673893304614 14625.5 82
1673893304661 14514.75 83
1673893304708 14602.0 84
1673893304755 14605.5 85
1673893304802 28852.5 86
1673893304848 28809.25 87
1673893304895 14584.5 88
1673893304942 28707.5 89
1673893304989 28689.75 90
1673893305020 14449.75 91
1673893305083 14990.0 92
1673893305130 14673.25 93
1673893305176 14402.25 94
1673893305223 28264.25 95
1673893305255 28199.75 96
1673893305301 14217.75 97
1673893305364 14819.75 98
1673893305411 14136.0 99
1673893305458 14304.5 100
1673893305504 28500.5 101
1673893305551 28429.75 102
1673893305592 28032.75 103
1673893305639 28181.75 104
1673893305686 28290.75 105
1673893305732 28083.5 106
1673893305780 13842.0 107
1673893305827 13983.25 108
1673893305874 27603.0 109
1673893305921 28010.25 110
1673893305968 14066.5 111
1673893306015 27945.5 112
1673893306046 13857.0 113
1673893306093 13841.0 114
1673893306140 27939.5 115
1673893306186 27404.75 116
1673893306233 27708.5 117
1673893306280 27476.75 118
1673893306327 27173.25 119
1673893306374 14253.0 120
1673893306405 27241.25 121
1673893306452 13496.75 122
1673893306499 13876.5 123
1673893306546 13800.75 124
1673893306593 13574.5 125
1673893306633 27140.5 126
1673893306680 27183.0 127
1673893306727 27011.75 128
1673893306774 27172.0 129
1673893306820 13396.75 130
1673893306868 27102.75 131
1673893306919 27173.5 132
1673893306950 13663.75 133
1673893306997 26993.25 134
1673893307044 26542.0 135
1673893307091 26862.5 136
1673893307139 26622.75 137
1673893307185 26551.5 138
1673893307217 26635.25 139
1673893307263 26676.25 140
1673893307310 13300.75 141
1673893307357 13309.0 142
1673893307404 13286.5 143
1673893307451 13277.75 144
1673893307498 26510.0 145
1673893307545 13131.0 146
1673893307591 26266.0 147
1673893307638 26362.75 148
1673893307685 26490.0 149
