1673892953491 122100.921875 0
1673892953553 94152.90625 1
1673892953584 44295.0 2
1673892953647 42471.203125 3
1673892953678 83423.6875 4
1673892953725 40427.125 5
1673892953772 39803.59375 6
1673892953822 39026.0 7
1673892953869 38517.25 8
1673892953916 37917.5625 9
1673892953963 75596.0 10
1673892954011 37089.5 11
1673892954058 37030.5 12
1673892954105 73128.75 13
1673892954160 72318.1875 14
1673892954206 35795.25 15
1673892954253 35590.25 16
1673892954300 35309.8125 17
1673892954347 35289.4375 18
1673892954394 34825.9375 19
1673892954442 68552.25 20
1673892954488 34191.375 21
1673892954535 68196.25 22
1673892954582 33855.875 23
1673892954629 34022.125 24
1673892954660 33754.75 25
1673892954707 33598.0 26
1673892954774 33587.5 27
1673892954821 33690.25 28
1673892954852 67074.5 29
1673892954899 33361.375 30
1673892954947 66813.625 31
1673892954978 33255.125 32
1673892955025 33437.75 33
1673892955072 33388.0 34
1673892955118 66452.25 35
1673892955150 66570.875 36
1673892955197 33310.875 37
1673892955243 66140.875 38
1673892955275 66400.625 39
1673892955322 33202.25 40
1673892955368 33057.625 41
1673892955415 32851.75 42
1673892955462 33328.0 43
1673892955493 33484.0 44
1673892955540 33154.0 45
1673892955587 33175.25 46
1673892955618 33174.0 47
1673892955665 32998.25 48
1673892955712 32962.25 49
1673892955743 32783.0 50
1673892955806 65172.75 51
1673892955853 32859.25 52
1673892955884 64948.25 53
1673892955931 32504.25 54
1673892955978 32348.0 55
1673892956025 32457.5 56
1673892956071 32412.5 57
1673892956103 64523.75 58
1673892956149 32251.0 59
1673892956196 64494.75 60
1673892956228 32159.25 61
1673892956290 64245.25 62
1673892956321 64216.25 63
1673892956368 32077.25 64
1673892956415 63986.25 65
1673892956460 31928.5 66
1673892956517 63852.5 67
1673892956548 31943.25 68
1673892956595 31889.0 69
1673892956642 63656.75 70
1673892956689 31881.25 71
1673892956751 63504.0 72
1673892956798 63431.5 73
1673892956845 63537.75 74
1673892956892 31882.75 75
1673892956939 31707.25 76
1673892956985 63368.75 77
1673892957032 63199.0 78
1673892957079 63252.0 79
1673892957126 31425.25 80
1673892957177 31381.25 81
1673892957224 63015.5 82
1673892957271 62995.25 83
1673892957317 62871.25 84
1673892957364 62811.5 85
1673892957411 62732.5 86
1673892957464 61449.0 87
1673892957511 56955.0 88
1673892957542 28579.0 89
1673892957605 28497.5 90
1673892957651 28676.5 91
1673892957698 56840.0 92
1673892957745 28589.0 93
1673892957792 28683.5 94
1673892957839 28554.0 95
1673892957889 56588.5 96
1673892957921 28406.5 97
1673892957983 28456.0 98
1673892958030 28368.0 99
1673892958077 28235.5 100
1673892958124 56470.5 101
1673892958171 56316.0 102
1673892958218 56624.0 103
1673892958264 28251.0 104
1673892958311 28103.0 105
1673892958358 28301.5 106
1673892958405 27881.5 107
1673892958452 56044.5 108
1673892958499 55804.5 109
1673892958546 55957.5 110
1673892958592 28075.5 111
1673892958639 27846.5 112
1673892958686 27889.5 113
1673892958733 55588.0 114
1673892958780 27716.5 115
1673892958842 55348.0 116
1673892958874 27835.5 117
1673892958929 27716.0 118
1673892958976 27518.0 119
1673892959039 55419.0 120
1673892959086 55443.5 121
1673892959133 27540.5 122
1673892959180 55334.5 123
1673892959227 55366.5 124
1673892959278 55037.0 125
1673892959309 54850.5 126
1673892959356 54761.0 127
1673892959403 27368.5 128
1673892959451 54759.5 129
1673892959497 54952.5 130
1673892959544 27308.0 131
1673892959607 54809.0 132
1673892959654 54410.5 133
1673892959700 27483.0 134
1673892959732 54270.0 135
1673892959779 27153.5 136
1673892959841 54079.5 137
1673892959888 27171.0 138
1673892959935 27185.5 139
1673892959982 54162.5 140
1673892960024 27084.5 141
1673892960086 27044.0 142
1673892960133 53930.5 143
1673892960180 54333.0 144
1673892960228 27128.5 145
1673892960274 54128.5 146
1673892960321 53976.0 147
1673892960368 26801.0 148
1673892960415 53951.0 149
