1673929416856 6431471.5 0
1673929427374 5784755.5 1
1673929437863 5056405.0 2
1673929448493 2747608.0 3
1673929458903 2805416.0 4
1673929467925 2818872.0 5
1673929476960 2863666.0 6
1673929485954 2858434.0 7
1673929494875 2665980.0 8
1673929505176 1901532.0 9
1673929515654 1922772.0 10
1673929526043 1900224.0 11
1673929536555 1882680.0 12
1673929546695 1879228.0 13
1673929556913 1896812.0 14
1673929565742 1901844.0 15
1673929574680 1960276.0 16
1673929583523 1919736.0 17
1673929592389 1942036.0 18
1673929601271 1875096.0 19
1673929611556 1941044.0 20
1673929620554 1931480.0 21
1673929629443 1882608.0 22
1673929639224 1895008.0 23
1673929649515 1897392.0 24
1673929658359 1845448.0 25
1673929668596 708864.0 26
1673929678753 12696.0 27
1673929688931 12480.0 28
1673929699081 12232.0 29
1673929709306 12976.0 30
1673929718156 13192.0 31
1673929727029 12912.0 32
1673929735881 12360.0 33
1673929744763 12904.0 34
1673929753683 12280.0 35
1673929763822 13288.0 36
1673929773643 12440.0 37
1673929782457 12816.0 38
1673929791269 12056.0 39
1673929801444 12416.0 40
1673929810406 12608.0 41
1673929819288 12688.0 42
1673929828161 12160.0 43
1673929836957 13208.0 44
1673929845794 12360.0 45
1673929854649 13440.0 46
1673929863523 13560.0 47
1673929872364 13264.0 48
1673929882656 13176.0 49
1673929892507 12824.0 50
1673929901394 13112.0 51
1673929910211 12488.0 52
1673929919035 13472.0 53
1673929927855 13064.0 54
1673929936627 13056.0 55
1673929945434 13576.0 56
1673929954267 12976.0 57
1673929963105 13216.0 58
1673929971918 13288.0 59
1673929980811 13968.0 60
1673929989617 12952.0 61
1673929999336 13296.0 62
1673930009623 12360.0 63
1673930018387 12936.0 64
