1673896077127 60118.234375 0
1673896077158 49211.15625 1
1673896077189 45768.71875 2
1673896077236 44014.25 3
1673896077252 42702.953125 4
1673896077283 41746.65625 5
1673896077315 28060.09375 6
1673896077346 27779.09375 7
1673896077378 39613.0 8
1673896077409 39194.84375 9
1673896077425 38696.25 10
1673896077456 38291.71875 11
1673896077487 37916.34375 12
1673896077518 37493.0 13
1673896077549 37484.125 14
1673896077565 36923.375 15
1673896077596 25261.25 16
1673896077628 36375.0 17
1673896077659 35890.8125 18
1673896077674 35550.3125 19
1673896077706 35547.25 20
1673896077737 24311.375 21
1673896077753 35220.4375 22
1673896077784 34882.5625 23
1673896077815 23953.75 24
1673896077831 34794.8125 25
1673896077862 34692.9375 26
1673896077893 34693.1875 27
1673896077924 34275.25 28
1673896077956 34168.5 29
1673896077993 33967.375 30
1673896078024 33980.375 31
1673896078055 33933.0 32
1673896078087 33754.375 33
1673896078119 33865.25 34
1673896078142 23308.0 35
1673896078174 33681.625 36
1673896078205 33635.375 37
1673896078236 33429.125 38
1673896078252 33382.75 39
1673896078283 22981.5 40
1673896078314 22967.375 41
1673896078345 33615.75 42
1673896078378 33539.625 43
1673896078409 23078.625 44
1673896078424 33357.625 45
1673896078456 33260.5 46
1673896078487 33344.375 47
1673896078518 33337.0 48
1673896078534 33096.375 49
1673896078565 33190.375 50
1673896078581 33088.375 51
1673896078612 33168.875 52
1673896078643 33285.5 53
1673896078674 32926.125 54
1673896078690 32869.0 55
1673896078721 33124.625 56
1673896078753 32874.875 57
1673896078768 32942.625 58
1673896078799 32976.0 59
1673896078831 32851.125 60
1673896078862 32468.25 61
1673896078878 32412.0 62
1673896078909 32253.5 63
1673896078940 22275.5 64
1673896078971 32270.25 65
1673896079003 22387.25 66
1673896079034 32467.5 67
1673896079065 32366.0 68
1673896079081 32170.75 69
1673896079112 22283.0 70
1673896079143 32055.25 71
1673896079174 31943.25 72
1673896079190 32081.0 73
1673896079221 32005.75 74
1673896079252 31936.5 75
1673896079284 32087.0 76
1673896079299 31730.0 77
1673896079331 31966.0 78
1673896079362 31934.75 79
1673896079393 31943.25 80
1673896079424 21876.5 81
1673896079456 21974.0 82
1673896079487 31805.25 83
1673896079502 31715.5 84
1673896079534 31769.75 85
1673896079565 31839.25 86
1673896079580 31844.25 87
1673896079614 31591.5 88
1673896079630 31553.0 89
1673896079661 31653.75 90
1673896079693 31408.25 91
1673896079724 31762.75 92
1673896079740 31551.75 93
1673896079771 31577.0 94
1673896079802 21687.25 95
1673896079835 31410.5 96
1673896079875 31592.5 97
1673896079914 31484.25 98
1673896079938 31400.25 99
1673896079969 21779.75 100
1673896079985 31306.0 101
1673896080016 31420.25 102
1673896080047 31271.25 103
1673896080079 31273.5 104
1673896080112 31266.25 105
1673896080144 21662.0 106
1673896080168 31253.75 107
1673896080191 21420.0 108
1673896080222 31071.25 109
1673896080254 31083.25 110
1673896080286 21370.0 111
1673896080310 21319.0 112
1673896080342 30956.0 113
1673896080376 31088.0 114
1673896080405 30886.5 115
1673896080423 21404.5 116
1673896080460 30996.5 117
1673896080485 30825.75 118
1673896080519 30853.5 119
1673896080544 21352.0 120
1673896080569 21276.25 121
1673896080602 30764.25 122
1673896080621 30824.75 123
1673896080660 30716.25 124
1673896080700 30687.0 125
1673896080733 30752.5 126
1673896080752 30735.5 127
1673896080784 30518.25 128
1673896080815 21173.75 129
1673896080839 30474.0 130
1673896080871 30585.75 131
1673896080895 29291.5 132
1673896080926 28802.0 133
1673896080957 28877.0 134
1673896080988 28620.0 135
1673896081004 28702.0 136
1673896081035 28801.5 137
1673896081067 28617.0 138
1673896081098 28790.5 139
1673896081113 19766.5 140
1673896081145 19694.5 141
1673896081176 28568.0 142
1673896081207 28616.5 143
1673896081223 19720.0 144
1673896081254 28630.5 145
1673896081285 28703.0 146
1673896081323 28585.0 147
1673896081356 28518.5 148
1673896081381 28549.5 149
