1673896182047 38740.65625 0
1673896182063 28228.2265625 1
1673896182094 36990.28125 2
1673896182125 34919.3203125 3
1673896182156 33669.703125 4
1673896182172 21698.421875 5
1673896182204 20840.40625 6
1673896182235 20314.9375 7
1673896182267 28227.421875 8
1673896182282 27833.15625 9
1673896182314 26882.0625 10
1673896182345 26776.34375 11
1673896182360 18111.59375 12
1673896182392 17395.59375 13
1673896182423 25193.375 14
1673896182454 25256.53125 15
1673896182470 16986.9375 16
1673896182501 16753.9375 17
1673896182532 23972.6875 18
1673896182548 16171.0 19
1673896182579 16097.09375 20
1673896182611 23041.375 21
1673896182642 22682.75 22
1673896182673 22436.625 23
1673896182689 22230.9375 24
1673896182720 15432.8125 25
1673896182752 15263.0625 26
1673896182783 22116.5 27
1673896182798 21570.375 28
1673896182831 21572.75 29
1673896182846 21376.5 30
1673896182877 14653.375 31
1673896182909 14630.5625 32
1673896182940 21082.125 33
1673896182956 20857.25 34
1673896182987 14205.375 35
1673896183002 14359.0625 36
1673896183034 14139.3125 37
1673896183065 20427.875 38
1673896183080 20376.5625 39
1673896183112 14155.6875 40
1673896183127 20255.4375 41
1673896183159 13915.125 42
1673896183190 13648.5 43
1673896183221 20295.75 44
1673896183237 13644.3125 45
1673896183268 13692.375 46
1673896183284 13640.8125 47
1673896183315 19738.3125 48
1673896183330 13500.0 49
1673896183362 19393.0625 50
1673896183393 13112.125 51
1673896183424 19420.0 52
1673896183440 13234.5 53
1673896183471 19563.5 54
1673896183487 19106.0 55
1673896183518 13185.75 56
1673896183534 13109.75 57
1673896183565 18826.625 58
1673896183596 12823.625 59
1673896183612 13011.0 60
1673896183643 12911.875 61
1673896183674 18944.75 62
1673896183690 12922.125 63
1673896183721 12642.875 64
1673896183737 18572.625 65
1673896183768 18546.5 66
1673896183799 18347.125 67
1673896183815 18234.75 68
1673896183846 12757.25 69
1673896183877 18207.75 70
1673896183893 18142.0 71
1673896183924 12516.5 72
1673896183955 18040.25 73
1673896183971 12589.875 74
1673896184002 18046.25 75
1673896184018 12495.125 76
1673896184049 17941.625 77
1673896184080 18006.125 78
1673896184096 12545.25 79
1673896184127 17955.875 80
1673896184143 17924.5 81
1673896184174 17721.0 82
1673896184205 18411.875 83
1673896184221 18027.5 84
1673896184252 12337.75 85
1673896184268 17692.25 86
1673896184299 12210.25 87
1673896184330 12040.875 88
1673896184346 17939.75 89
1673896184377 12214.25 90
1673896184393 17806.5 91
1673896184424 17490.125 92
1673896184440 17615.25 93
1673896184471 12159.25 94
1673896184486 12044.625 95
1673896184518 11965.875 96
1673896184549 17471.0 97
1673896184565 12030.375 98
1673896184596 17542.25 99
1673896184611 17438.375 100
1673896184643 12013.0 101
1673896184658 11886.0 102
1673896184689 17146.5 103
1673896184721 17697.375 104
1673896184736 17334.25 105
1673896184768 17056.375 106
1673896184799 11993.125 107
1673896184814 17219.0 108
1673896184846 17132.25 109
1673896184861 17073.75 110
1673896184893 11865.375 111
1673896184908 11752.125 112
1673896184939 11823.625 113
1673896184971 16973.125 114
1673896184986 11788.875 115
1673896185002 11702.375 116
1673896185033 11711.125 117
1673896185064 11742.75 118
1673896185080 16639.25 119
1673896185111 11499.0 120
1673896185142 11536.0 121
1673896185158 11475.75 122
1673896185189 11580.25 123
1673896185205 11488.5 124
1673896185236 11245.5 125
1673896185267 16583.5 126
1673896185283 11320.0 127
1673896185314 11442.5 128
1673896185330 16654.75 129
1673896185346 11420.75 130
1673896185377 16599.5 131
1673896185408 16771.5 132
1673896185424 11347.0 133
1673896185455 11397.0 134
1673896185471 11291.25 135
1673896185502 16330.75 136
1673896185532 11310.75 137
1673896185553 11415.25 138
1673896185568 11271.0 139
1673896185599 11295.25 140
1673896185615 11278.75 141
1673896185647 16270.0 142
1673896185663 16258.75 143
1673896185694 11178.5 144
1673896185710 16143.0 145
1673896185741 11242.75 146
1673896185772 16491.5 147
1673896185788 11204.5 148
1673896185819 16249.5 149
