1673926411475 6454199.5 0
1673926427893 5773463.5 1
1673926444216 4992537.0 2
1673926460656 2574126.0 3
1673926477004 2620354.0 4
1673926492784 2610528.0 5
1673926508231 2619768.0 6
1673926524735 2716818.0 7
1673926541374 2558540.0 8
1673926558955 2065450.0 9
1673926574984 1910084.0 10
1673926591184 1862900.0 11
1673926607582 1911952.0 12
1673926622903 1829444.0 13
1673926640820 1812712.0 14
1673926659466 1850364.0 15
1673926675647 1826092.0 16
1673926691240 1810956.0 17
1673926708962 1794488.0 18
1673926726332 1860240.0 19
1673926741841 1946236.0 20
1673926757735 1829720.0 21
1673926774654 1793280.0 22
1673926792790 1819760.0 23
1673926808364 1827416.0 24
1673926823937 1861312.0 25
1673926839213 1801280.0 26
1673926854874 783356.0 27
1673926872166 14632.0 28
1673926890277 13920.0 29
1673926908286 14848.0 30
1673926923651 15152.0 31
1673926938990 15520.0 32
1673926953967 15744.0 33
1673926969340 17224.0 34
1673926983284 16840.0 35
1673926998131 16496.0 36
1673927014374 17544.0 37
1673927028818 17464.0 38
1673927043722 16880.0 39
1673927058782 17160.0 40
1673927074076 16680.0 41
1673927088048 16960.0 42
1673927103518 18464.0 43
1673927119312 18704.0 44
1673927136015 18320.0 45
1673927151530 17000.0 46
1673927166513 17488.0 47
1673927180271 18672.0 48
1673927194613 18920.0 49
1673927209653 18464.0 50
1673927225014 19136.0 51
1673927240892 18512.0 52
1673927257587 18584.0 53
1673927272158 18600.0 54
