1673896249628 47708.98046875 0
1673896249644 54766.98046875 1
1673896249675 47288.5234375 2
1673896249707 42235.78125 3
1673896249738 37499.296875 4
1673896249769 24831.765625 5
1673896249800 34577.234375 6
1673896249816 33097.59375 7
1673896249847 22215.125 8
1673896249878 31419.9375 9
1673896249910 30971.0 10
1673896249925 30100.28125 11
1673896249957 29503.34375 12
1673896249988 29185.5625 13
1673896250003 28929.78125 14
1673896250035 28041.3125 15
1673896250066 28302.625 16
1673896250081 18904.875 17
1673896250113 27118.125 18
1673896250144 26942.0625 19
1673896250175 26413.8125 20
1673896250191 26295.8125 21
1673896250222 25916.5 22
1673896250253 17640.75 23
1673896250269 17449.5 24
1673896250300 25304.375 25
1673896250330 17588.0625 26
1673896250361 17174.0 27
1673896250393 24711.75 28
1673896250408 24451.4375 29
1673896250440 24319.375 30
1673896250471 17010.1875 31
1673896250503 16781.4375 32
1673896250519 24302.0625 33
1673896250550 23809.9375 34
1673896250566 16444.625 35
1673896250597 23182.25 36
1673896250628 23788.9375 37
1673896250660 16294.0 38
1673896250691 15930.375 39
1673896250707 15860.375 40
1673896250738 23161.375 41
1673896250769 15936.25 42
1673896250785 15823.0 43
1673896250816 15792.5 44
1673896250847 22968.375 45
1673896250878 22514.875 46
1673896250910 22555.875 47
1673896250941 22606.125 48
1673896250956 15424.625 49
1673896250988 22555.5 50
1673896251019 22306.875 51
1673896251035 15464.0 52
1673896251066 15266.125 53
1673896251097 22285.875 54
1673896251113 22085.875 55
1673896251144 21881.875 56
1673896251175 15154.75 57
1673896251191 21736.125 58
1673896251222 15210.5 59
1673896251253 14997.125 60
1673896251285 21939.875 61
1673896251300 21459.0 62
1673896251331 14927.875 63
1673896251347 21697.75 64
1673896251382 21682.75 65
1673896251398 21639.5 66
1673896251429 14844.5 67
1673896251460 21531.5 68
1673896251476 21445.875 69
1673896251508 21511.5 70
1673896251539 21531.5 71
1673896251555 21571.25 72
1673896251586 14658.25 73
1673896251617 21676.375 74
1673896251633 14650.5 75
1673896251664 21583.125 76
1673896251695 21310.5 77
1673896251711 21221.375 78
1673896251742 20880.375 79
1673896251773 20911.125 80
1673896251789 21126.5 81
1673896251820 14548.375 82
1673896251852 14377.5 83
1673896251867 14460.5 84
1673896251898 20746.5 85
1673896251930 14533.5 86
1673896251945 20898.125 87
1673896251977 20888.375 88
1673896252008 20925.5 89
1673896252023 20680.25 90
1673896252055 14309.625 91
1673896252086 14506.75 92
1673896252102 20295.125 93
1673896252133 13819.75 94
1673896252164 19929.0 95
1673896252180 19839.25 96
1673896252211 13734.0 97
1673896252242 19730.5 98
1673896252258 20112.25 99
1673896252289 13896.0 100
1673896252320 13931.75 101
1673896252336 19987.5 102
1673896252367 13621.5 103
1673896252398 19814.25 104
1673896252414 13763.25 105
1673896252445 13631.25 106
1673896252476 13599.0 107
1673896252508 19716.0 108
1673896252523 13504.25 109
1673896252555 13652.5 110
1673896252586 19677.75 111
1673896252601 19631.0 112
1673896252633 13645.25 113
1673896252664 13700.0 114
1673896252680 19487.75 115
1673896252711 13287.25 116
1673896252742 19686.5 117
1673896252758 19381.0 118
1673896252789 13442.5 119
1673896252820 19661.75 120
1673896252836 13532.25 121
1673896252867 19701.0 122
1673896252898 13617.5 123
1673896252914 19488.25 124
1673896252945 13127.0 125
1673896252976 19473.5 126
1673896253008 19349.75 127
1673896253023 19398.25 128
1673896253054 19481.75 129
1673896253086 13563.5 130
1673896253101 13251.0 131
1673896253139 19558.25 132
1673896253157 19263.75 133
1673896253189 13514.5 134
1673896253204 19256.0 135
1673896253236 13237.25 136
1673896253268 19318.0 137
1673896253283 19050.0 138
1673896253315 19152.0 139
1673896253330 13587.25 140
1673896253361 13219.5 141
1673896253393 19282.75 142
1673896253424 19432.0 143
1673896253440 13208.5 144
1673896253471 19337.75 145
1673896253486 19423.25 146
1673896253518 19031.75 147
1673896253549 19049.25 148
1673896253580 19070.25 149
