1674064178602 6793527.0 0
1674064189819 6457347.0 1
1674064201131 4454120.0 2
1674064212371 2067636.0 3
1674064223652 2104406.0 4
1674064233726 2134156.0 5
1674064243793 2163070.0 6
1674064253919 2109566.0 7
1674064263931 2123132.0 8
1674064273970 2098436.0 9
1674064283995 1698032.0 10
1674064295116 1301744.0 11
1674064306580 1345676.0 12
1674064316591 1395092.0 13
1674064326565 1454760.0 14
1674064336530 1509896.0 15
1674064346492 1513072.0 16
1674064356849 1452072.0 17
1674064366844 1497812.0 18
1674064376889 1492844.0 19
1674064386863 1467748.0 20
1674064396831 1459736.0 21
1674064406703 1462480.0 22
1674064416663 1431600.0 23
1674064426550 1421860.0 24
1674064436642 1420480.0 25
1674064446532 1419292.0 26
1674064456398 1420196.0 27
1674064466299 1381512.0 28
1674064476108 1368108.0 29
1674064485956 1347720.0 30
1674064495783 1319596.0 31
1674064505610 1352660.0 32
1674064515431 1341464.0 33
1674064525277 383544.0 34
1674064536189 73344.0 35
1674064547076 74264.0 36
1674064556917 72488.0 37
1674064567848 74304.0 38
1674064577704 71168.0 39
1674064588703 71264.0 40
1674064598533 74424.0 41
1674064608388 70296.0 42
1674064619239 71024.0 43
1674064629022 70360.0 44
1674064638795 70704.0 45
1674064648615 69768.0 46
1674064659644 69864.0 47
1674064669476 69824.0 48
1674064679258 69008.0 49
1674064690205 69824.0 50
1674064699966 71424.0 51
1674064709708 69728.0 52
1674064719523 69744.0 53
1674064729165 69792.0 54
1674064738914 69328.0 55
1674064748677 68616.0 56
1674064759558 68336.0 57
1674064770397 67824.0 58
1674064781210 68408.0 59
1674064790929 68544.0 60
1674064800731 68952.0 61
1674064810447 68808.0 62
1674064820131 67800.0 63
1674064830937 70568.0 64
1674064840672 66784.0 65
1674064851462 68488.0 66
1674064861209 65536.0 67
1674064872081 67536.0 68
1674064881863 66936.0 69
1674064891563 66120.0 70
1674064901310 65544.0 71
1674064911066 67080.0 72
1674064920913 69968.0 73
1674064930555 65704.0 74
1674064940254 66048.0 75
1674064949935 65496.0 76
1674064960735 66464.0 77
1674064970474 68632.0 78
1674064980157 65808.0 79
1674064989814 65760.0 80
1674064999504 66808.0 81
1674065009138 67264.0 82
1674065018806 68104.0 83
1674065028417 65416.0 84
1674065039184 66944.0 85
1674065048875 66176.0 86
1674065058572 65544.0 87
1674065068191 66680.0 88
1674065077793 67608.0 89
1674065087392 64224.0 90
1674065098082 64416.0 91
1674065107737 67432.0 92
1674065117388 63656.0 93
1674065128079 64016.0 94
1674065137662 66904.0 95
1674065147376 65496.0 96
1674065157020 64936.0 97
1674065166657 64160.0 98
1674065176268 63072.0 99
1674065186999 64224.0 100
1674065196621 65328.0 101
1674065206258 66192.0 102
1674065216173 64960.0 103
1674065225785 66224.0 104
1674065235469 62560.0 105
1674065246105 65704.0 106
1674065255686 65792.0 107
1674065265232 65776.0 108
1674065274813 64408.0 109
1674065284383 66112.0 110
1674065293951 66368.0 111
1674065303562 64208.0 112
1674065313163 65272.0 113
1674065322766 64264.0 114
1674065332332 65536.0 115
1674065341978 64424.0 116
1674065351574 64848.0 117
1674065361117 66072.0 118
1674065370709 65160.0 119
1674065380258 63112.0 120
1674065389828 64008.0 121
1674065399443 65376.0 122
1674065409046 65688.0 123
1674065418604 66424.0 124
1674065428163 61560.0 125
1674065438724 64512.0 126
1674065448343 64752.0 127
1674065458657 64368.0 128
1674065468180 64720.0 129
1674065477705 63680.0 130
1674065487276 62896.0 131
1674065496806 65240.0 132
1674065506296 62912.0 133
1674065515786 63672.0 134
1674065525346 64576.0 135
1674065534798 62400.0 136
1674065544266 63472.0 137
1674065553784 63024.0 138
1674065563313 63472.0 139
1674065572857 63784.0 140
1674065582348 62856.0 141
1674065591788 64440.0 142
1674065601296 60808.0 143
1674065611937 61792.0 144
1674065621539 63304.0 145
1674065631017 61736.0 146
1674065640480 60976.0 147
1674065650001 62160.0 148
1674065659499 62680.0 149
