1674085584503 7267473.5 0
1674085601586 6868132.5 1
1674085618550 4096790.0 2
1674085635609 2440706.0 3
1674085652376 2465282.0 4
1674085667996 2368912.0 5
1674085684573 2381116.0 6
1674085700014 2312350.0 7
1674085716457 2304040.0 8
1674085732859 2042826.0 9
1674085749343 1768280.0 10
1674085765662 1763744.0 11
1674085781845 1811404.0 12
1674085796959 1817720.0 13
1674085812064 1772560.0 14
1674085827207 1778724.0 15
1674085842195 1764072.0 16
1674085857165 1710320.0 17
1674085873299 1646320.0 18
1674085889469 1642536.0 19
1674085905542 1649080.0 20
1674085920596 1610636.0 21
1674085936740 1628136.0 22
1674085951706 1577004.0 23
1674085967729 1548848.0 24
1674085985159 1613600.0 25
1674086002326 1533652.0 26
1674086018807 1533224.0 27
1674086035211 1508340.0 28
1674086054606 946604.0 29
1674086084876 177032.0 30
1674086114655 181976.0 31
1674086142555 184784.0 32
1674086172439 176424.0 33
1674086205734 191784.0 34
1674086233926 178904.0 35
1674086262241 184792.0 36
1674086290028 184872.0 37
1674086317709 195008.0 38
1674086345901 189464.0 39
1674086373699 190856.0 40
1674086401514 191576.0 41
1674086430655 191960.0 42
1674086459853 197112.0 43
1674086488898 201736.0 44
1674086517548 191560.0 45
1674086545002 194080.0 46
1674086572597 192448.0 47
1674086600122 193648.0 48
1674086630811 192656.0 49
1674086659283 197696.0 50
1674086686867 196408.0 51
1674086714375 199640.0 52
1674086742379 200744.0 53
1674086770850 199752.0 54
1674086800508 196528.0 55
1674086829729 197424.0 56
1674086857525 193184.0 57
1674086885129 188936.0 58
