1673934956604 6293090.5 0
1673934966659 5512340.5 1
1673934976544 5279311.0 2
1673934986451 2719962.0 3
1673934996345 2624354.0 4
1673935006205 2727236.0 5
1673935014860 2705998.0 6
1673935023382 2736382.0 7
1673935031893 2760904.0 8
1673935041675 2206238.0 9
1673935052489 2134220.0 10
1673935062274 2181340.0 11
1673935070872 2151860.0 12
1673935079369 2162720.0 13
1673935087846 2186464.0 14
1673935096350 2178616.0 15
1673935104852 2139008.0 16
1673935113392 2062504.0 17
1673935123220 2135992.0 18
1673935131915 2138524.0 19
1673935140452 2124004.0 20
1673935148953 2101708.0 21
1673935158209 2150160.0 22
1673935168105 2127408.0 23
1673935177210 1582416.0 24
1673935188100 54488.0 25
1673935199030 54560.0 26
1673935208781 52952.0 27
1673935219721 54040.0 28
1673935229056 53664.0 29
1673935238485 51272.0 30
1673935249370 54296.0 31
1673935259040 52696.0 32
1673935268089 54448.0 33
1673935278058 52352.0 34
1673935288933 52080.0 35
1673935298590 52968.0 36
1673935307749 51280.0 37
1673935316626 52400.0 38
1673935325088 53272.0 39
1673935333569 51752.0 40
1673935342016 51256.0 41
1673935351787 53184.0 42
1673935360237 53728.0 43
1673935368698 53312.0 44
1673935377161 53104.0 45
1673935385647 53904.0 46
1673935394302 54192.0 47
1673935404086 53584.0 48
1673935413310 55952.0 49
1673935421791 54264.0 50
1673935430242 54128.0 51
1673935438660 53840.0 52
1673935447217 56184.0 53
1673935455687 57296.0 54
1673935464134 57320.0 55
1673935472583 59104.0 56
1673935480988 57960.0 57
1673935489460 58232.0 58
1673935497913 60168.0 59
1673935506360 59776.0 60
1673935515259 59288.0 61
1673935525026 61960.0 62
1673935534084 62000.0 63
1673935542525 62128.0 64
1673935550979 63552.0 65
1673935559399 63208.0 66
