1673896159785 29048.15625 0
1673896159816 38221.734375 1
1673896159832 35115.7265625 2
1673896159863 31972.9765625 3
1673896159879 20686.6875 4
1673896159894 19638.578125 5
1673896159926 18752.5 6
1673896159941 18353.359375 7
1673896159973 17690.109375 8
1673896159988 25073.28125 9
1673896160019 24360.515625 10
1673896160035 24210.6875 11
1673896160051 23659.09375 12
1673896160082 16111.5625 13
1673896160098 15799.1875 14
1673896160113 15660.375 15
1673896160144 22585.75 16
1673896160160 22166.90625 17
1673896160191 22057.15625 18
1673896160211 15203.96875 19
1673896160226 21565.28125 20
1673896160242 14702.6875 21
1673896160273 14679.5625 22
1673896160289 20961.78125 23
1673896160321 14239.25 24
1673896160337 20461.6875 25
1673896160367 20262.75 26
1673896160383 13891.6875 27
1673896160398 20139.9375 28
1673896160429 13839.8125 29
1673896160445 19793.0 30
1673896160477 19525.25 31
1673896160493 19463.125 32
1673896160508 13355.3125 33
1673896160540 13137.625 34
1673896160559 19077.6875 35
1673896160575 13240.9375 36
1673896160607 18918.6875 37
1673896160622 18483.3125 38
1673896160654 12776.6875 39
1673896160669 12793.3125 40
1673896160700 18553.5625 41
1673896160716 12743.5 42
1673896160732 12713.4375 43
1673896160764 12606.8125 44
1673896160779 18296.4375 45
1673896160795 17933.6875 46
1673896160826 18074.5 47
1673896160842 17930.125 48
1673896160858 17933.25 49
1673896160889 12261.875 50
1673896160904 12304.1875 51
1673896160920 17742.5625 52
1673896160951 17763.25 53
1673896160967 17757.875 54
1673896160998 12132.4375 55
1673896161014 11900.5625 56
1673896161045 17357.5 57
1673896161061 12024.75 58
1673896161076 17252.625 59
1673896161092 11857.625 60
1673896161123 17319.75 61
1673896161139 11859.375 62
1673896161154 11774.375 63
1673896161186 11816.0 64
1673896161201 11770.25 65
1673896161233 16956.125 66
1673896161248 16976.0 67
1673896161264 11649.875 68
1673896161295 11720.75 69
1673896161311 16816.875 70
1673896161342 17036.875 71
1673896161357 11502.0 72
1673896161373 16661.25 73
1673896161404 11445.125 74
1673896161420 11415.25 75
1673896161436 11246.125 76
1673896161467 11545.75 77
1673896161482 16545.625 78
1673896161498 16430.375 79
1673896161529 16338.5 80
1673896161545 16617.875 81
1673896161576 16491.0 82
1673896161592 16229.875 83
1673896161607 11444.125 84
1673896161623 16258.375 85
1673896161654 11358.25 86
1673896161670 16475.25 87
1673896161686 16341.0 88
1673896161717 11368.875 89
1673896161732 11218.625 90
1673896161764 16092.375 91
1673896161779 11242.0 92
1673896161795 16356.625 93
1673896161810 16001.5 94
1673896161842 11152.75 95
1673896161857 16105.25 96
1673896161873 11069.875 97
1673896161904 15953.375 98
1673896161920 16110.0 99
1673896161951 11182.5 100
1673896161967 11218.125 101
1673896161982 10911.75 102
1673896162014 11088.625 103
1673896162029 15886.875 104
1673896162045 15904.0 105
1673896162060 11027.25 106
1673896162092 10819.5 107
1673896162107 15847.375 108
1673896162123 10891.125 109
1673896162154 11021.5 110
1673896162170 10823.5 111
1673896162185 10719.75 112
1673896162217 15772.625 113
1673896162232 15790.0 114
1673896162248 15671.875 115
1673896162264 10688.0 116
1673896162295 11003.125 117
1673896162310 15748.5 118
1673896162342 10748.0 119
1673896162357 15759.0 120
1673896162373 10952.5 121
1673896162404 10761.0 122
1673896162420 15574.75 123
1673896162435 10677.75 124
1673896162467 10652.25 125
1673896162482 10809.25 126
1673896162498 15482.625 127
1673896162529 10792.875 128
1673896162545 10666.125 129
1673896162560 10807.5 130
1673896162587 10577.75 131
1673896162608 15537.875 132
1673896162623 15398.5 133
1673896162648 10654.5 134
1673896162664 10647.0 135
1673896162692 10448.25 136
1673896162707 15162.25 137
1673896162738 15045.0 138
1673896162755 10502.75 139
1673896162771 15331.25 140
1673896162802 10501.25 141
1673896162817 15258.0 142
1673896162833 15251.5 143
1673896162864 10543.25 144
1673896162880 10685.75 145
1673896162896 15136.75 146
1673896162911 10401.0 147
1673896162942 15030.5 148
1673896162958 15385.5 149
