1673937390188 6401240.5 0
1673937399851 5671353.5 1
1673937409577 5242488.0 2
1673937419245 2692656.0 3
1673937428922 2753290.0 4
1673937437629 2713144.0 5
1673937446318 2745434.0 6
1673937454955 2745832.0 7
1673937463538 2665482.0 8
1673937473120 1636764.0 9
1673937482674 1639424.0 10
1673937491237 1628296.0 11
1673937500784 1619360.0 12
1673937510451 1651560.0 13
1673937519007 1662400.0 14
1673937527674 1689124.0 15
1673937536194 1690328.0 16
1673937544760 1683640.0 17
1673937553288 1686376.0 18
1673937561900 1714464.0 19
1673937570901 1732208.0 20
1673937580100 1701676.0 21
1673937589026 1755132.0 22
1673937597836 1698676.0 23
1673937606772 1753168.0 24
1673937615760 1732436.0 25
1673937624659 1715948.0 26
1673937633524 1748584.0 27
1673937642497 1356276.0 28
1673937653252 77912.0 29
1673937662858 78928.0 30
1673937671389 78528.0 31
1673937679872 77424.0 32
1673937689299 74664.0 33
1673937698737 75232.0 34
1673937707218 76712.0 35
1673937715733 76928.0 36
1673937725297 77128.0 37
1673937735301 76240.0 38
1673937744353 74704.0 39
1673937753041 73032.0 40
1673937762533 73832.0 41
1673937771051 73400.0 42
1673937779562 71880.0 43
1673937792286 74200.0 44
1673937807300 72976.0 45
1673937822081 74360.0 46
1673937838350 73184.0 47
1673937853581 71784.0 48
1673937870398 71976.0 49
1673937885973 74088.0 50
1673937901811 70968.0 51
1673937919431 73264.0 52
1673937936504 66912.0 53
1673937954009 74904.0 54
1673937969079 72520.0 55
1673937984095 74864.0 56
1673938000147 76200.0 57
1673938015917 75216.0 58
1673938030805 70688.0 59
1673938047506 71120.0 60
1673938064577 69088.0 61
1673938080812 72880.0 62
1673938096262 74968.0 63
1673938111944 70840.0 64
1673938127424 72080.0 65
1673938142847 71616.0 66
1673938158602 72968.0 67
1673938175635 73624.0 68
1673938192040 73720.0 69
1673938207576 72328.0 70
1673938223154 73040.0 71
1673938238663 74272.0 72
1673938253556 72896.0 73
1673938268971 73568.0 74
1673938285303 73960.0 75
1673938302345 71000.0 76
1673938318408 72368.0 77
1673938333845 74216.0 78
