1673893012038 131022.375 0
1673893012084 98711.640625 1
1673893012131 43742.296875 2
1673893012194 40398.3125 3
1673893012241 76108.75 4
1673893012272 72118.9375 5
1673893012319 68944.0625 6
1673893012350 66486.25 7
1673893012397 32444.5625 8
1673893012444 31346.375 9
1673893012491 62555.3125 10
1673893012522 30022.3125 11
1673893012569 30154.1875 12
1673893012616 29635.5 13
1673893012658 59167.75 14
1673893012705 29203.0625 15
1673893012752 58066.125 16
1673893012798 57500.25 17
1673893012830 28768.0625 18
1673893012877 27861.875 19
1673893012924 55915.75 20
1673893012971 28389.25 21
1673893013002 55856.25 22
1673893013049 28272.5 23
1673893013096 55885.625 24
1673893013127 28062.25 25
1673893013174 28414.875 26
1673893013214 27654.125 27
1673893013261 27998.625 28
1673893013307 27929.125 29
1673893013339 55903.5 30
1673893013386 27881.0 31
1673893013418 28053.375 32
1673893013468 27832.25 33
1673893013500 28068.75 34
1673893013547 55274.125 35
1673893013593 27914.125 36
1673893013625 55982.25 37
1673893013677 28089.0 38
1673893013709 27813.875 39
1673893013756 27681.875 40
1673893013803 27820.625 41
1673893013834 55453.125 42
1673893013881 27912.625 43
1673893013912 55558.625 44
1673893013959 27761.5 45
1673893014006 27747.75 46
1673893014037 54345.25 47
1673893014084 50501.75 48
1673893014115 51240.75 49
1673893014162 25346.0 50
1673893014209 50883.0 51
1673893014240 50948.75 52
1673893014287 25518.75 53
1673893014318 25122.5 54
1673893014365 25104.5 55
1673893014412 50629.5 56
1673893014459 25860.25 57
1673893014506 25252.25 58
1673893014537 50500.0 59
1673893014584 24994.5 60
1673893014615 25288.25 61
1673893014662 50285.25 62
1673893014709 25578.75 63
1673893014740 25327.75 64
1673893014787 25426.25 65
1673893014834 25469.0 66
1673893014865 25382.75 67
1673893014912 50577.25 68
1673893014943 25117.0 69
1673893014990 25802.5 70
1673893015037 25598.75 71
1673893015068 25701.25 72
1673893015115 25250.5 73
1673893015162 50850.5 74
1673893015193 50944.5 75
1673893015240 25414.75 76
1673893015287 25856.25 77
1673893015318 25364.0 78
1673893015365 50684.75 79
1673893015412 51008.75 80
1673893015459 50896.75 81
1673893015490 50889.0 82
1673893015537 25219.75 83
1673893015584 25764.5 84
1673893015631 50797.25 85
