1674039574612 4738584.5 0
1674039592475 3380329.0 1
1674039610885 3721164.5 2
1674039627575 3662421.0 3
1674039645069 2225585.0 4
1674039662506 1421472.0 5
1674039682467 1584276.0 6
1674039698900 1460634.0 7
1674039714231 1454370.0 8
1674039729492 1505360.0 9
1674039746264 1488026.0 10
1674039761278 1432008.0 11
1674039776534 1434346.0 12
1674039792930 1444546.0 13
1674039809762 1328978.0 14
1674039828003 1333060.0 15
1674039843895 750120.0 16
1674039860935 708876.0 17
1674039877752 695192.0 18
1674039894366 780952.0 19
1674039910766 766192.0 20
1674039926493 760236.0 21
1674039942688 786648.0 22
1674039957924 767096.0 23
1674039973195 761336.0 24
1674039989184 770276.0 25
1674040006775 787436.0 26
1674040019415 782256.0 27
1674040028237 783380.0 28
1674040037042 791524.0 29
1674040045885 789068.0 30
1674040054712 769880.0 31
1674040063522 786608.0 32
1674040072274 787588.0 33
1674040081102 763984.0 34
1674040089960 802712.0 35
1674040098798 797548.0 36
1674040107766 802236.0 37
1674040116636 789856.0 38
1674040125275 799268.0 39
1674040133929 794292.0 40
1674040142653 792944.0 41
1674040151374 806536.0 42
1674040160048 801084.0 43
