1673896109268 91225.4140625 0
1673896109299 73035.4609375 1
1673896109346 65489.546875 2
1673896109377 61257.296875 3
1673896109424 58671.09375 4
1673896109460 55948.96875 5
1673896109491 53660.625 6
1673896109538 52237.65625 7
1673896109569 51131.5 8
1673896109616 50311.0 9
1673896109663 49667.9375 10
1673896109694 48881.3125 11
1673896109726 48607.375 12
1673896109773 48285.3125 13
1673896109804 47860.1875 14
1673896109836 47736.8125 15
1673896109882 47219.5625 16
1673896109917 47153.8125 17
1673896109964 47116.5625 18
1673896109996 47095.3125 19
1673896110028 47109.375 20
1673896110059 46914.5 21
1673896110106 46809.875 22
1673896110137 46882.625 23
1673896110168 46560.75 24
1673896110215 46365.875 25
1673896110254 46272.125 26
1673896110285 46049.75 27
1673896110333 46064.5 28
1673896110364 45577.0 29
1673896110395 45764.375 30
1673896110442 45534.125 31
1673896110474 45292.5 32
1673896110505 45044.75 33
1673896110552 45017.625 34
1673896110592 44686.25 35
1673896110623 44819.625 36
1673896110655 44743.25 37
1673896110701 44677.5 38
1673896110733 44398.5 39
1673896110780 44410.625 40
1673896110812 44375.0 41
1673896110843 28299.5 42
1673896110874 40829.0 43
1673896110921 28118.25 44
1673896110952 40799.75 45
1673896110984 40740.75 46
1673896111015 40659.5 47
1673896111062 40693.5 48
1673896111093 40859.25 49
1673896111124 28088.75 50
1673896111155 27944.5 51
1673896111202 40690.25 52
1673896111233 40613.25 53
1673896111265 40851.5 54
1673896111312 40558.25 55
1673896111343 40551.75 56
1673896111374 40656.75 57
1673896111421 40585.75 58
1673896111452 40454.75 59
1673896111483 40542.0 60
1673896111515 40522.0 61
1673896111562 40296.5 62
1673896111593 40583.5 63
1673896111624 40295.75 64
1673896111655 27908.0 65
1673896111702 40325.5 66
1673896111733 40670.25 67
1673896111765 40180.25 68
1673896111811 40529.25 69
1673896111843 40317.75 70
1673896111874 40505.75 71
1673896111921 40343.0 72
1673896111952 40153.5 73
1673896111983 40176.0 74
1673896112015 40282.0 75
1673896112061 40165.5 76
1673896112093 27749.5 77
1673896112140 40134.75 78
1673896112171 40336.5 79
1673896112202 39941.5 80
1673896112233 40079.25 81
1673896112280 39925.25 82
1673896112311 40030.5 83
1673896112343 40007.5 84
1673896112374 39993.25 85
1673896112421 40121.75 86
1673896112452 40092.0 87
1673896112483 39865.0 88
1673896112530 39885.75 89
1673896112561 27540.75 90
1673896112593 39832.0 91
1673896112624 39784.75 92
1673896112682 39743.75 93
1673896112713 39864.0 94
1673896112744 39776.25 95
1673896112776 37427.25 96
1673896112823 36970.0 97
1673896112854 36612.0 98
1673896112886 36614.5 99
1673896112932 36690.0 100
1673896112964 36584.5 101
1673896112995 36620.5 102
1673896113026 36528.0 103
1673896113073 36652.0 104
1673896113104 36351.5 105
1673896113135 36524.0 106
1673896113182 36533.5 107
1673896113214 36412.0 108
1673896113245 36654.0 109
1673896113292 36281.5 110
1673896113323 36339.5 111
1673896113354 36345.5 112
1673896113385 36451.0 113
1673896113432 36364.0 114
1673896113464 36379.5 115
