1674018800017 4842390.5 0
1674018810376 3275935.0 1
1674018820719 3661788.5 2
1674018829856 3554473.0 3
1674018838881 2252223.0 4
1674018848995 1328868.0 5
1674018859269 1289398.0 6
1674018869424 1295198.0 7
1674018878479 1258864.0 8
1674018888642 1280414.0 9
1674018897648 1243102.0 10
1674018907751 1215572.0 11
1674018917880 1227414.0 12
1674018927238 1208582.0 13
1674018937300 1200572.0 14
1674018947318 1196390.0 15
1674018957357 1176250.0 16
1674018967407 1083330.0 17
1674018977593 448536.0 18
1674018987597 436288.0 19
1674018997664 442312.0 20
1674019006590 439184.0 21
1674019015493 447896.0 22
1674019024384 458492.0 23
1674019033304 444304.0 24
1674019042191 445020.0 25
1674019051039 451440.0 26
1674019059899 451820.0 27
1674019068834 461324.0 28
1674019077725 447332.0 29
1674019086662 447376.0 30
1674019095969 452308.0 31
1674019104836 451564.0 32
1674019113726 454876.0 33
1674019122549 446548.0 34
1674019131355 455180.0 35
1674019140252 447716.0 36
1674019149133 445040.0 37
1674019158039 449836.0 38
1674019166816 445352.0 39
1674019175711 451572.0 40
1674019184614 454876.0 41
1674019193529 442172.0 42
1674019202422 442524.0 43
1674019211217 441520.0 44
