1673896145096 44841.4296875 0
1673896145127 51989.2890625 1
1673896145143 30835.953125 2
1673896145174 40299.3125 3
1673896145205 36894.546875 4
1673896145221 35375.859375 5
1673896145252 34219.328125 6
1673896145284 34154.59375 7
1673896145299 32545.6875 8
1673896145330 32383.59375 9
1673896145362 32408.84375 10
1673896145381 21810.28125 11
1673896145412 21507.125 12
1673896145444 31372.4375 13
1673896145459 31442.9375 14
1673896145491 21381.09375 15
1673896145523 31013.6875 16
1673896145538 31091.625 17
1673896145570 31010.3125 18
1673896145585 30802.9375 19
1673896145616 21057.1875 20
1673896145648 21377.1875 21
1673896145663 21353.5625 22
1673896145695 20965.375 23
1673896145726 30914.75 24
1673896145741 30380.125 25
1673896145773 30204.875 26
1673896145804 21059.3125 27
1673896145819 30688.875 28
1673896145851 30350.25 29
1673896145877 30325.1875 30
1673896145909 30370.5 31
1673896145940 30544.6875 32
1673896145956 20956.125 33
1673896145987 20726.375 34
1673896146018 30275.625 35
1673896146049 20814.625 36
1673896146066 30294.875 37
1673896146097 20985.0 38
1673896146113 30034.75 39
1673896146144 20548.5 40
1673896146175 20989.875 41
1673896146191 29794.5 42
1673896146222 30197.75 43
1673896146253 30554.25 44
1673896146269 30292.0 45
1673896146300 20748.875 46
1673896146331 30188.5 47
1673896146347 30043.375 48
1673896146378 29819.375 49
1673896146410 30051.125 50
1673896146425 29786.5 51
1673896146456 20705.25 52
1673896146488 20573.0 53
1673896146503 20634.125 54
1673896146534 20502.25 55
1673896146550 29958.75 56
1673896146581 29804.625 57
1673896146613 20566.5 58
1673896146628 20599.75 59
1673896146659 29383.375 60
1673896146675 20211.0 61
1673896146706 29412.375 62
1673896146738 20329.5 63
1673896146753 29591.375 64
1673896146784 20392.625 65
1673896146800 20583.0 66
1673896146831 20407.125 67
1673896146863 29621.25 68
1673896146878 29582.625 69
1673896146909 29530.75 70
1673896146941 29443.75 71
1673896146956 20186.625 72
1673896146988 29378.625 73
1673896147019 30070.0 74
1673896147034 19629.5 75
1673896147066 18750.75 76
1673896147097 19099.0 77
1673896147112 27362.25 78
1673896147144 19240.75 79
1673896147175 18891.25 80
1673896147191 27572.5 81
1673896147222 27271.75 82
1673896147237 18900.5 83
1673896147269 27179.0 84
1673896147300 27292.25 85
1673896147316 27445.0 86
1673896147347 18786.5 87
1673896147362 18897.0 88
1673896147394 19139.75 89
1673896147425 27556.5 90
1673896147441 18983.0 91
1673896147472 19121.25 92
1673896147487 18973.25 93
1673896147519 27404.75 94
1673896147534 27289.75 95
1673896147566 19114.75 96
1673896147597 27596.75 97
1673896147612 27292.75 98
1673896147644 19049.75 99
1673896147659 27463.5 100
1673896147690 27322.75 101
