1673934177702 4921797.5 0
1673934185257 4154452.5 1
1673934192756 4387562.0 2
1673934199330 3790682.0 3
1673934206984 1763876.0 4
1673934214568 1860570.0 5
1673934221097 1829768.0 6
1673934227643 1877952.0 7
1673934234177 1864196.0 8
1673934240742 1905024.0 9
1673934247266 1916772.0 10
1673934253759 1913372.0 11
1673934260334 1624532.0 12
1673934267838 960844.0 13
1673934275339 979468.0 14
1673934281875 957352.0 15
1673934289381 957728.0 16
1673934295929 950312.0 17
1673934303460 996312.0 18
1673934310014 1016452.0 19
1673934316551 1004988.0 20
1673934323120 1076480.0 21
1673934329676 1040684.0 22
1673934336204 1093116.0 23
1673934342743 1071300.0 24
1673934349289 1049560.0 25
1673934355808 1068804.0 26
1673934362358 1028696.0 27
1673934368894 1043888.0 28
1673934375402 1036172.0 29
1673934381934 1080136.0 30
1673934388477 1070232.0 31
1673934394970 1031904.0 32
1673934401552 1060232.0 33
1673934408070 1047672.0 34
1673934414578 1023804.0 35
1673934421107 1020320.0 36
1673934427643 1015728.0 37
1673934434229 1037216.0 38
1673934440764 1004184.0 39
1673934447286 1012380.0 40
1673934453790 968516.0 41
1673934460345 1040140.0 42
