1673896027575 43184.0 0
1673896027591 52224.6484375 1
1673896027622 47511.7734375 2
1673896027653 45448.171875 3
1673896027669 30352.515625 4
1673896027700 43024.40625 5
1673896027732 41888.453125 6
1673896027747 28238.65625 7
1673896027781 40605.9375 8
1673896027819 27544.03125 9
1673896027843 39554.3125 10
1673896027866 39188.9375 11
1673896027898 38693.15625 12
1673896027913 26505.875 13
1673896027945 26281.875 14
1673896027978 37786.0625 15
1673896028002 25964.8125 16
1673896028034 37640.6875 17
1673896028050 37378.4375 18
1673896028081 37145.0625 19
1673896028097 37201.75 20
1673896028128 25430.875 21
1673896028168 36772.0625 22
1673896028190 36389.375 23
1673896028226 36340.375 24
1673896028256 36134.875 25
1673896028273 36024.0625 26
1673896028305 36050.8125 27
1673896028336 24815.25 28
1673896028368 35717.625 29
1673896028400 35327.25 30
1673896028424 35246.375 31
1673896028451 35239.375 32
1673896028473 24185.875 33
1673896028497 34692.25 34
1673896028528 34688.375 35
1673896028559 34759.0 36
1673896028575 23681.125 37
1673896028608 34276.875 38
1673896028635 34079.625 39
1673896028659 34147.875 40
1673896028690 23398.125 41
1673896028706 33976.625 42
1673896028737 34054.375 43
1673896028769 33621.5 44
1673896028784 33781.375 45
1673896028820 33754.625 46
1673896028848 33674.375 47
1673896028872 33801.375 48
1673896028896 33448.875 49
1673896028927 33383.25 50
1673896028943 33362.125 51
1673896028976 33437.375 52
1673896028994 33512.0 53
1673896029030 33184.0 54
1673896029065 22980.0 55
1673896029093 33236.75 56
1673896029123 33041.25 57
1673896029143 33178.125 58
1673896029176 22780.25 59
1673896029211 33280.125 60
1673896029227 33023.875 61
1673896029264 32838.75 62
1673896029293 32642.0 63
1673896029327 32831.0 64
1673896029344 32720.25 65
1673896029377 32647.5 66
1673896029410 32533.75 67
1673896029439 22568.75 68
1673896029464 32361.0 69
1673896029490 32408.25 70
1673896029511 32376.25 71
1673896029543 32089.75 72
1673896029574 32281.25 73
1673896029598 32166.5 74
1673896029622 32246.0 75
1673896029656 32280.75 76
1673896029680 31924.5 77
1673896029710 22051.0 78
1673896029744 32306.25 79
1673896029777 32020.25 80
1673896029806 31914.5 81
1673896029827 32097.5 82
1673896029859 31938.0 83
1673896029878 31873.0 84
1673896029914 31801.75 85
1673896029939 31836.5 86
1673896029955 31753.0 87
1673896029986 31702.5 88
1673896030017 22036.75 89
1673896030033 21833.25 90
1673896030064 21805.75 91
1673896030098 31586.0 92
1673896030122 31600.0 93
1673896030145 31590.75 94
1673896030161 31568.75 95
1673896030192 31495.0 96
1673896030224 31645.5 97
1673896030239 31468.5 98
1673896030270 21610.0 99
1673896030307 31506.75 100
1673896030327 31398.5 101
1673896030351 31402.75 102
1673896030383 31306.5 103
1673896030399 31303.5 104
1673896030430 31351.25 105
1673896030461 31228.25 106
1673896030477 31253.0 107
1673896030510 31269.0 108
1673896030530 21451.25 109
1673896030564 31203.25 110
1673896030580 31162.25 111
1673896030611 21383.75 112
1673896030642 21413.75 113
1673896030658 21503.25 114
1673896030689 31022.25 115
1673896030718 30987.25 116
1673896030742 31038.5 117
1673896030758 30974.5 118
1673896030790 30956.0 119
1673896030805 31134.5 120
1673896030836 30767.75 121
1673896030868 30938.0 122
1673896030883 30966.75 123
1673896030917 30893.0 124
1673896030944 30879.5 125
1673896030968 30918.75 126
1673896030992 30875.5 127
1673896031007 30709.75 128
1673896031048 30642.5 129
1673896031063 30284.0 130
1673896031094 29045.0 131
1673896031119 29009.5 132
1673896031151 28886.0 133
1673896031176 29006.0 134
1673896031191 20024.5 135
1673896031222 19981.5 136
1673896031254 28905.0 137
1673896031269 28819.0 138
1673896031300 19849.5 139
1673896031334 28778.5 140
1673896031356 28808.0 141
1673896031380 19992.5 142
1673896031396 19969.0 143
1673896031428 19779.5 144
1673896031459 19828.5 145
1673896031475 28867.0 146
1673896031506 19929.0 147
1673896031521 19989.0 148
1673896031559 20052.0 149
