1673893327910 39584.625 0
1673893327971 34789.6875 1
1673893328017 33984.5390625 2
1673893328064 30335.4921875 3
1673893328111 28935.15625 4
1673893328158 27612.921875 5
1673893328206 53875.765625 6
1673893328253 52505.375 7
1673893328300 25430.375 8
1673893328346 49476.0625 9
1673893328393 24048.9375 10
1673893328440 23635.0625 11
1673893328487 23409.65625 12
1673893328534 23069.5 13
1673893328581 22548.3125 14
1673893328627 44270.21875 15
1673893328674 21758.25 16
1673893328728 21589.0 17
1673893328774 21213.0 18
1673893328821 42242.375 19
1673893328868 20905.25 20
1673893328915 21052.0 21
1673893328947 41275.9375 22
1673893328994 20436.25 23
1673893329041 20733.0 24
1673893329088 20456.5 25
1673893329119 20359.0 26
1673893329171 20371.125 27
1673893329218 40313.75 28
1673893329265 39873.5625 29
1673893329296 19844.0 30
1673893329344 39661.75 31
1673893329391 39345.8125 32
1673893329438 39026.0625 33
1673893329469 38771.4375 34
1673893329516 19325.5 35
1673893329563 38294.25 36
1673893329609 37915.5 37
1673893329641 37834.125 38
1673893329688 19010.75 39
1673893329734 37861.0 40
1673893329781 18944.625 41
1673893329828 38040.5 42
1673893329875 37742.75 43
1673893329906 18831.0 44
1673893329953 37321.625 45
1673893330000 37255.75 46
1673893330047 37428.75 47
1673893330078 18557.375 48
1673893330134 18554.125 49
1673893330181 36757.5 50
1673893330228 18467.375 51
1673893330275 36720.25 52
1673893330307 18425.875 53
1673893330354 36483.25 54
1673893330401 18112.375 55
1673893330448 35944.125 56
1673893330479 36243.875 57
1673893330526 36112.5 58
1673893330573 36138.0 59
1673893330604 36121.25 60
1673893330651 36067.625 61
1673893330698 36222.25 62
1673893330729 35693.625 63
1673893330776 35874.75 64
1673893330823 35477.0 65
1673893330854 35481.0 66
1673893330901 34912.75 67
1673893330932 34787.5 68
1673893330979 34491.0 69
1673893331026 34776.0 70
1673893331057 17245.75 71
1673893331104 34404.5 72
1673893331151 34540.25 73
1673893331182 34456.75 74
1673893331229 17156.0 75
1673893331276 34319.25 76
1673893331323 17386.25 77
1673893331369 17343.0 78
1673893331416 17047.0 79
1673893331457 34277.75 80
1673893331503 34132.25 81
1673893331550 33933.0 82
1673893331597 33870.25 83
1673893331628 33558.5 84
1673893331676 16880.0 85
1673893331727 33545.5 86
1673893331774 17127.0 87
1673893331821 33529.75 88
1673893331868 33708.0 89
1673893331915 33764.75 90
1673893331947 17032.75 91
1673893331993 33748.0 92
1673893332040 33119.75 93
1673893332087 16761.25 94
1673893332150 33156.25 95
1673893332197 33107.5 96
1673893332228 33224.5 97
1673893332275 16733.0 98
1673893332322 32867.0 99
1673893332368 32933.25 100
1673893332415 16325.5 101
1673893332462 32914.75 102
1673893332509 16589.0 103
1673893332556 33068.5 104
1673893332603 32719.5 105
1673893332650 32545.25 106
1673893332681 16066.0 107
1673893332728 16216.75 108
1673893332775 16182.25 109
1673893332831 32509.0 110
1673893332878 16071.25 111
1673893332925 32034.5 112
1673893332972 16134.75 113
1673893333018 32029.75 114
1673893333051 32089.25 115
1673893333097 32177.0 116
1673893333144 32052.5 117
1673893333191 31752.75 118
1673893333238 32080.25 119
1673893333285 15996.0 120
1673893333332 31899.0 121
1673893333379 15999.5 122
1673893333425 31868.75 123
1673893333457 16007.0 124
1673893333504 31481.75 125
1673893333550 31655.5 126
1673893333582 15840.25 127
1673893333629 31456.75 128
1673893333675 31465.25 129
1673893333722 31191.25 130
1673893333769 31500.25 131
1673893333816 15801.5 132
1673893333862 15664.0 133
1673893333909 31276.75 134
1673893333956 31279.5 135
1673893334002 31203.0 136
1673893334049 31179.75 137
1673893334097 15578.25 138
1673893334144 30733.5 139
1673893334179 31132.0 140
1673893334226 30782.25 141
1673893334273 30839.25 142
1673893334320 14225.5 143
1673893334367 28678.0 144
1673893334414 28807.5 145
1673893334446 28288.0 146
1673893334492 28158.0 147
1673893334539 28324.0 148
1673893334586 28187.0 149
