1673896291057 66111.8203125 0
1673896291088 48437.2265625 1
1673896291119 40989.140625 2
1673896291150 38176.640625 3
1673896291182 34451.328125 4
1673896291213 33200.546875 5
1673896291229 32063.859375 6
1673896291272 30965.25 7
1673896291289 20883.0625 8
1673896291320 29531.03125 9
1673896291352 28617.34375 10
1673896291383 28352.5 11
1673896291408 27752.5 12
1673896291439 18853.96875 13
1673896291454 18705.15625 14
1673896291493 26672.53125 15
1673896291526 26370.21875 16
1673896291550 17939.4375 17
1673896291581 25776.625 18
1673896291597 17659.5625 19
1673896291628 25150.875 20
1673896291659 25378.0625 21
1673896291675 17219.0625 22
1673896291714 24424.75 23
1673896291738 16693.375 24
1673896291770 24129.4375 25
1673896291796 16882.3125 26
1673896291827 23934.75 27
1673896291843 23883.3125 28
1673896291874 23534.25 29
1673896291905 23648.3125 30
1673896291939 16529.6875 31
1673896291964 16351.875 32
1673896291987 16048.8125 33
1673896292019 23297.3125 34
1673896292050 23044.375 35
1673896292081 22550.0625 36
1673896292097 23045.125 37
1673896292128 15825.6875 38
1673896292156 22767.8125 39
1673896292188 22983.375 40
1673896292212 22421.0 41
1673896292243 22077.5 42
1673896292274 22419.875 43
1673896292290 21873.125 44
1673896292321 22042.375 45
1673896292352 22088.125 46
1673896292381 21905.75 47
1673896292405 15345.5 48
1673896292437 21709.0 49
1673896292452 21894.625 50
1673896292483 15221.5 51
1673896292515 22303.75 52
1673896292530 21964.25 53
1673896292562 14984.875 54
1673896292595 21450.625 55
1673896292623 21210.5 56
1673896292647 14767.625 57
1673896292679 21125.125 58
1673896292695 21303.5 59
1673896292726 14613.0 60
1673896292757 21310.0 61
1673896292773 14662.25 62
1673896292814 21389.625 63
1673896292838 21156.5 64
1673896292862 14541.375 65
1673896292886 21331.25 66
1673896292918 21151.5 67
1673896292949 21056.5 68
1673896292965 14498.0 69
1673896292997 20921.375 70
1673896293030 21136.375 71
1673896293058 21094.25 72
1673896293082 14319.875 73
1673896293102 20865.125 74
1673896293133 20655.625 75
1673896293149 20929.875 76
1673896293180 14384.75 77
1673896293212 20675.625 78
1673896293236 14345.0 79
1673896293260 20423.875 80
1673896293292 20670.25 81
1673896293307 14156.75 82
1673896293339 20182.875 83
1673896293370 14120.25 84
1673896293401 20250.625 85
1673896293417 14191.0 86
1673896293454 20790.75 87
1673896293477 20456.625 88
1673896293509 13953.0 89
1673896293532 14031.875 90
1673896293564 14033.25 91
1673896293579 14144.5 92
1673896293610 14053.0 93
1673896293642 20206.25 94
1673896293668 14013.5 95
1673896293692 13817.0 96
1673896293716 19781.5 97
1673896293747 13805.5 98
1673896293763 19651.25 99
1673896293794 19466.5 100
1673896293825 19440.75 101
1673896293841 13318.5 102
1673896293878 19405.5 103
1673896293902 13448.5 104
1673896293926 19604.0 105
1673896293957 13279.5 106
1673896293983 19333.75 107
1673896294014 19247.75 108
1673896294030 13168.25 109
1673896294061 19349.5 110
1673896294095 19182.5 111
1673896294118 13124.25 112
1673896294146 13324.75 113
1673896294178 13354.5 114
1673896294193 19051.25 115
1673896294225 18861.5 116
1673896294257 18922.75 117
1673896294272 13144.5 118
1673896294310 19216.25 119
1673896294339 19243.25 120
1673896294363 13182.25 121
1673896294386 19263.0 122
1673896294418 18827.75 123
1673896294433 18950.25 124
1673896294465 12755.0 125
1673896294496 19036.5 126
1673896294522 18928.5 127
1673896294554 18890.75 128
1673896294570 18980.75 129
1673896294601 13095.25 130
1673896294617 19252.5 131
1673896294648 18868.5 132
1673896294679 13092.5 133
1673896294695 18851.75 134
1673896294732 18675.5 135
1673896294756 18694.75 136
1673896294788 18921.25 137
1673896294811 12938.75 138
1673896294827 18560.75 139
1673896294858 13208.25 140
1673896294874 18820.5 141
1673896294905 18785.75 142
1673896294938 18842.75 143
1673896294958 18509.0 144
1673896294996 18728.25 145
1673896295012 18848.75 146
1673896295044 18505.75 147
1673896295075 18492.0 148
1673896295091 18515.5 149
