1673893503759 59145.2265625 0
1673893503821 51768.6640625 1
1673893503868 44583.96875 2
1673893503931 40770.21875 3
1673893503993 38231.203125 4
1673893504040 35883.78125 5
1673893504102 34268.15625 6
1673893504165 32901.0 7
1673893504212 32037.34375 8
1673893504274 31112.90625 9
1673893504321 30758.71875 10
1673893504384 29768.1875 11
1673893504446 29533.78125 12
1673893504502 29168.28125 13
1673893504565 28856.25 14
1673893504611 28333.0625 15
1673893504674 28268.25 16
1673893504721 28028.6875 17
1673893504783 27925.5625 18
1673893504830 27579.125 19
1673893504894 27464.75 20
1673893504941 27126.625 21
1673893505003 27222.1875 22
1673893505050 27827.25 23
1673893505097 26870.125 24
1673893505159 26633.9375 25
1673893505215 26500.6875 26
1673893505262 26321.875 27
1673893505324 26561.8125 28
1673893505372 26222.4375 29
1673893505434 26221.75 30
1673893505481 26258.5625 31
1673893505528 26234.125 32
1673893505575 25570.125 33
1673893505638 25440.875 34
1673893505684 25243.625 35
1673893505747 25091.75 36
1673893505794 25147.5 37
1673893505841 25296.375 38
1673893505887 25008.75 39
1673893505950 24979.75 40
1673893506006 25072.125 41
1673893506053 25108.0 42
1673893506100 24703.625 43
1673893506162 24811.375 44
1673893506210 24583.25 45
1673893506257 24587.0 46
1673893506304 24383.625 47
1673893506366 24348.375 48
1673893506413 24288.75 49
1673893506475 24357.0 50
1673893506522 24265.5 51
1673893506569 24161.5 52
1673893506632 24252.5 53
1673893506674 24235.375 54
1673893506721 24021.5 55
1673893506783 24015.875 56
1673893506830 24759.625 57
1673893506878 23974.75 58
1673893506925 23644.75 59
1673893506987 23654.125 60
1673893507034 23769.125 61
1673893507081 23568.25 62
1673893507128 23731.375 63
1673893507174 23643.0 64
1673893507237 23502.375 65
1673893507284 23318.625 66
1673893507331 23456.5 67
1673893507388 23462.75 68
1673893507435 23223.375 69
1673893507482 23249.5 70
1673893507530 23281.125 71
1673893507577 23216.375 72
1673893507640 23309.75 73
1673893507687 23075.75 74
1673893507734 23273.125 75
1673893507780 22965.625 76
1673893507827 22786.0 77
1673893507890 22882.75 78
1673893507937 22732.75 79
1673893507984 45513.5 80
1673893508046 45332.5 81
1673893508093 22734.0 82
1673893508140 45336.5 83
1673893508187 45424.25 84
1673893508234 22578.25 85
1673893508296 22597.25 86
1673893508343 22667.75 87
1673893508390 22564.5 88
1673893508446 44818.0 89
1673893508493 22571.0 90
1673893508556 22489.75 91
1673893508618 22562.5 92
1673893508681 22366.5 93
1673893508732 44830.75 94
1673893508795 44431.75 95
1673893508857 22230.5 96
1673893508920 44578.0 97
1673893508982 22025.5 98
1673893509045 22225.5 99
1673893509107 22065.25 100
1673893509170 22091.5 101
1673893509218 44140.0 102
1673893509280 22136.75 103
1673893509327 21894.75 104
1673893509389 22004.25 105
1673893509436 22064.5 106
1673893509499 22034.0 107
1673893509546 21853.75 108
1673893509593 21822.5 109
1673893509655 21941.5 110
1673893509718 21801.5 111
1673893509764 21663.25 112
1673893509827 43463.5 113
1673893509884 21699.5 114
1673893509947 21779.25 115
1673893509993 21568.25 116
1673893510071 22099.25 117
1673893510128 21598.5 118
1673893510174 21581.0 119
1673893510221 21559.75 120
1673893510284 21682.0 121
1673893510332 21477.25 122
1673893510378 21716.0 123
1673893510425 21748.5 124
1673893510472 21484.75 125
1673893510535 21332.25 126
1673893510581 21226.0 127
1673893510644 21164.5 128
1673893510691 21237.5 129
1673893510738 21412.25 130
1673893510800 21181.5 131
1673893510847 21171.25 132
1673893510894 21081.25 133
1673893510941 20977.75 134
1673893511003 21213.75 135
1673893511050 21152.5 136
1673893511097 21207.75 137
1673893511144 21037.75 138
1673893511191 21080.75 139
1673893511238 42214.25 140
1673893511284 21019.25 141
1673893511347 20849.75 142
1673893511394 20957.75 143
1673893511450 20828.25 144
1673893511497 20774.25 145
1673893511559 20774.75 146
1673893511606 20764.25 147
1673893511654 20778.0 148
1673893511716 20650.5 149
