1673893259354 38798.29296875 0
1673893259400 71473.66015625 1
1673893259447 31993.34375 2
1673893259494 60330.921875 3
1673893259541 27901.453125 4
1673893259588 26483.71875 5
1673893259635 25230.484375 6
1673893259697 49367.53125 7
1673893259728 47757.75 8
1673893259775 46368.375 9
1673893259822 22528.1875 10
1673893259869 44397.4375 11
1673893259916 21687.375 12
1673893259963 42667.34375 13
1673893260015 21350.875 14
1673893260078 20906.0625 15
1673893260125 40730.9375 16
1673893260172 39746.625 17
1673893260218 20120.375 18
1673893260265 19900.4375 19
1673893260317 38833.375 20
1673893260348 38731.9375 21
1673893260395 19114.5 22
1673893260442 18781.125 23
1673893260489 18876.9375 24
1673893260537 18630.25 25
1673893260594 36800.125 26
1673893260625 36949.4375 27
1673893260672 18289.625 28
1673893260719 17951.6875 29
1673893260767 36047.625 30
1673893260813 35833.6875 31
1673893260860 35518.0 32
1673893260892 17616.875 33
1673893260938 35538.0 34
1673893260985 17500.75 35
1673893261032 17570.0 36
1673893261079 18213.375 37
1673893261110 17445.0 38
1673893261157 17400.5 39
1673893261220 34253.0 40
1673893261260 17100.875 41
1673893261307 16827.25 42
1673893261354 17206.875 43
1673893261385 16982.125 44
1673893261432 16912.75 45
1673893261480 17289.5 46
1673893261516 16726.625 47
1673893261563 33133.625 48
1673893261610 32861.875 49
1673893261656 32561.25 50
1673893261688 32580.625 51
1673893261735 32761.0 52
1673893261781 16252.0 53
1673893261828 16318.625 54
1673893261875 16235.625 55
1673893261922 32293.875 56
1673893261953 15940.875 57
1673893262016 31753.0 58
1673893262047 15974.25 59
1673893262094 15942.75 60
1673893262141 15688.5 61
1673893262188 31722.375 62
1673893262234 31516.625 63
1673893262281 15693.125 64
1673893262328 31291.625 65
1673893262375 31090.375 66
1673893262422 15545.75 67
1673893262479 15518.625 68
1673893262541 15513.75 69
1673893262604 31088.25 70
1673893262651 30555.25 71
1673893262697 30443.75 72
1673893262761 15406.75 73
1673893262814 30611.375 74
1673893262876 30606.625 75
1673893262923 15176.125 76
1673893262985 14930.0 77
1673893263048 14551.25 78
1673893263110 14710.5 79
1673893263157 14559.75 80
1673893263204 14567.0 81
1673893263251 29118.5 82
1673893263299 28924.75 83
1673893263346 29006.25 84
1673893263393 14547.0 85
1673893263439 14383.75 86
1673893263486 14380.0 87
1673893263549 29045.25 88
1673893263580 14494.5 89
1673893263627 14350.25 90
1673893263689 14614.0 91
1673893263736 28678.5 92
1673893263783 14696.5 93
1673893263814 28682.0 94
1673893263861 14236.25 95
1673893263918 14763.0 96
1673893263981 28512.25 97
1673893264028 14360.25 98
1673893264074 28506.25 99
1673893264121 28493.25 100
1673893264168 28311.25 101
1673893264215 28412.0 102
1673893264262 28058.75 103
1673893264309 28167.5 104
1673893264356 28368.75 105
1673893264403 28066.5 106
1673893264449 13816.0 107
1673893264496 13926.75 108
1673893264543 27553.75 109
1673893264590 27935.25 110
1673893264637 27850.0 111
1673893264684 13867.25 112
1673893264731 13836.0 113
1673893264762 27411.0 114
1673893264809 13961.0 115
1673893264856 13857.5 116
1673893264902 13725.25 117
1673893264949 13563.5 118
1673893264996 13527.0 119
1673893265059 27418.0 120
1673893265090 27231.5 121
1673893265137 13445.75 122
1673893265184 13828.5 123
1673893265230 13735.75 124
1673893265277 13501.25 125
1673893265328 26976.75 126
1673893265365 27388.0 127
1673893265412 13496.25 128
1673893265458 27010.5 129
1673893265505 26848.0 130
1673893265553 13332.5 131
1673893265600 27053.25 132
1673893265647 26994.25 133
1673893265678 26892.0 134
1673893265725 26518.75 135
1673893265772 26830.25 136
1673893265819 26423.0 137
1673893265865 26339.0 138
1673893265912 26553.25 139
1673893265959 13270.75 140
1673893266006 26366.0 141
1673893266053 26261.5 142
1673893266084 26412.5 143
1673893266147 13197.0 144
1673893266194 26375.0 145
1673893266240 13279.25 146
1673893266272 13157.75 147
1673893266329 26167.25 148
1673893266376 26397.75 149
