1673893286707 104616.8125 0
1673893286754 34881.96875 1
1673893286816 66018.765625 2
1673893286847 61765.046875 3
1673893286894 28897.46875 4
1673893286941 27473.875 5
1673893286988 26526.0625 6
1673893287035 26050.1875 7
1673893287082 50844.9375 8
1673893287129 24462.96875 9
1673893287175 48285.6875 10
1673893287222 47013.78125 11
1673893287269 23137.0 12
1673893287316 22562.625 13
1673893287363 44436.375 14
1673893287407 44212.0 15
1673893287454 21650.875 16
1673893287501 21516.0 17
1673893287548 21188.75 18
1673893287594 42202.0 19
1673893287641 41995.75 20
1673893287673 20857.1875 21
1673893287720 20429.5625 22
1673893287767 41102.375 23
1673893287814 40932.1875 24
1673893287865 20440.125 25
1673893287896 20169.625 26
1673893287958 20215.9375 27
1673893287990 20105.25 28
1673893288037 39670.0625 29
1673893288083 19474.25 30
1673893288131 19506.875 31
1673893288162 19422.0 32
1673893288209 19209.75 33
1673893288256 19227.25 34
1673893288303 38582.375 35
1673893288350 19201.5 36
1673893288397 37876.5 37
1673893288428 37813.625 38
1673893288468 18915.125 39
1673893288515 37940.875 40
1673893288562 18914.25 41
1673893288609 37966.75 42
1673893288657 19039.625 43
1673893288688 37403.75 44
1673893288735 18593.875 45
1673893288782 18677.0 46
1673893288822 37364.625 47
1673893288868 18599.0 48
1673893288915 36944.0 49
1673893288947 36767.25 50
1673893288993 18416.875 51
1673893289041 36691.5 52
1673893289072 18457.75 53
1673893289119 18349.0 54
1673893289166 36401.375 55
1673893289217 18227.25 56
1673893289264 18096.75 57
1673893289311 18299.625 58
1673893289342 36019.625 59
1673893289389 36048.875 60
1673893289437 18485.625 61
1673893289468 18294.375 62
1673893289515 35889.75 63
1673893289562 18519.125 64
1673893289593 35633.75 65
1673893289640 35590.75 66
1673893289687 17817.0 67
1673893289733 35207.5 68
1673893289780 17412.75 69
1673893289843 34751.5 70
1673893289890 17251.25 71
1673893289937 34475.25 72
1673893289983 17246.75 73
1673893290030 17255.25 74
1673893290077 34486.75 75
1673893290108 17229.75 76
1673893290171 34548.25 77
1673893290202 34047.5 78
1673893290249 17329.5 79
1673893290296 34087.5 80
1673893290343 34086.25 81
1673893290374 33820.25 82
1673893290421 34154.25 83
1673893290468 33797.25 84
1673893290515 33593.0 85
1673893290569 33606.5 86
1673893290602 34186.0 87
1673893290649 33637.5 88
1673893290696 33789.5 89
1673893290742 33705.5 90
1673893290790 33596.25 91
1673893290837 16810.75 92
1673893290884 33625.0 93
1673893290931 33599.75 94
1673893290978 16722.75 95
1673893291029 33199.25 96
1673893291060 16801.25 97
1673893291107 16760.75 98
1673893291153 33211.75 99
1673893291201 16755.75 100
1673893291248 32938.75 101
1673893291279 33167.0 102
1673893291326 33375.75 103
1673893291373 16559.5 104
1673893291420 32739.0 105
1673893291467 16525.75 106
1673893291514 16202.25 107
1673893291561 32819.75 108
1673893291607 32554.0 109
1673893291654 32729.25 110
1673893291701 16236.5 111
1673893291748 16237.5 112
1673893291779 32583.5 113
1673893291826 32519.0 114
1673893291873 16301.0 115
1673893291928 32419.75 116
1673893291960 32173.75 117
1673893292007 32062.25 118
1673893292054 32433.25 119
1673893292101 32138.25 120
1673893292149 16179.25 121
1673893292195 16153.25 122
1673893292242 32199.0 123
1673893292289 16146.75 124
1673893292336 31792.5 125
1673893292383 31941.25 126
1673893292430 16056.25 127
1673893292477 16040.25 128
1673893292524 31677.0 129
1673893292570 31493.25 130
1673893292602 31726.75 131
1673893292648 31817.25 132
1673893292695 31585.0 133
1673893292742 15720.5 134
1673893292789 31605.25 135
1673893292836 31597.25 136
1673893292883 31618.0 137
1673893292930 31618.0 138
1673893292977 31057.75 139
1673893293008 31427.0 140
1673893293055 31073.75 141
1673893293102 31404.5 142
1673893293148 30555.25 143
1673893293195 14262.0 144
1673893293242 28478.0 145
1673893293293 14159.5 146
1673893293345 28109.0 147
1673893293376 14001.5 148
1673893293423 27957.5 149
