1673892838918 79049.21875 0
1673892838957 70228.828125 1
1673892839006 63052.078125 2
1673892839038 59172.5625 3
1673892839085 57565.40625 4
1673892839121 56433.53125 5
1673892839172 54697.15625 6
1673892839222 26836.6875 7
1673892839276 26441.125 8
1673892839318 51508.53125 9
1673892839356 51013.3125 10
1673892839392 24598.8125 11
1673892839434 49634.5 12
1673892839466 49114.25 13
1673892839512 24127.6875 14
1673892839544 24096.9375 15
1673892839601 47665.5625 16
1673892839633 23614.625 17
1673892839665 47368.5625 18
1673892839697 23160.9375 19
1673892839743 47149.25 20
1673892839788 46609.4375 21
1673892839820 46461.875 22
1673892839854 46024.375 23
1673892839889 45812.875 24
1673892839935 45709.875 25
1673892839976 22618.125 26
1673892840023 45111.0 27
1673892840055 45191.5 28
1673892840105 44936.75 29
1673892840139 22445.75 30
1673892840189 45174.375 31
1673892840228 45278.875 32
1673892840255 44870.5 33
1673892840306 44543.125 34
1673892840339 44320.5 35
1673892840385 44417.375 36
1673892840423 44749.625 37
1673892840455 44865.5 38
1673892840504 44472.625 39
1673892840546 44600.5 40
1673892840584 44148.375 41
1673892840618 44500.25 42
1673892840659 44316.25 43
1673892840696 22300.125 44
1673892840737 44526.875 45
1673892840773 44125.5 46
1673892840808 43868.5 47
1673892840842 43403.5 48
1673892840878 22140.25 49
1673892840921 43691.25 50
1673892840954 43675.5 51
1673892840986 43784.25 52
1673892841021 21952.0 53
1673892841060 43644.25 54
1673892841084 21571.5 55
1673892841131 21656.25 56
1673892841167 22134.0 57
1673892841201 43382.25 58
1673892841233 21784.5 59
1673892841267 43014.75 60
1673892841301 43404.5 61
1673892841335 21699.0 62
1673892841370 21831.75 63
1673892841402 43437.0 64
1673892841433 43549.5 65
1673892841471 43222.0 66
1673892841506 42963.25 67
1673892841536 21780.25 68
1673892841577 21365.75 69
1673892841617 43329.75 70
1673892841648 42969.75 71
1673892841680 43241.75 72
1673892841711 42883.5 73
1673892841752 21682.0 74
1673892841789 43209.75 75
1673892841826 21494.25 76
1673892841861 21386.75 77
1673892841895 21493.75 78
1673892841918 42952.0 79
1673892841950 21431.25 80
1673892841990 42870.25 81
1673892842032 42872.5 82
1673892842052 21210.5 83
1673892842099 42865.0 84
1673892842130 42620.5 85
1673892842174 21373.5 86
1673892842208 42256.0 87
1673892842234 42737.5 88
1673892842279 42660.75 89
1673892842302 42638.0 90
1673892842333 21420.25 91
1673892842383 21602.75 92
1673892842419 42864.75 93
1673892842451 42999.25 94
1673892842482 42392.25 95
1673892842518 42428.5 96
1673892842551 42922.5 97
1673892842582 42670.25 98
1673892842614 42521.25 99
1673892842645 42484.75 100
1673892842676 42259.75 101
1673892842707 21394.0 102
1673892842757 42449.0 103
1673892842784 42932.75 104
1673892842816 42437.5 105
1673892842847 41368.75 106
1673892842878 19470.5 107
1673892842927 19485.5 108
1673892842962 39136.5 109
1673892842984 38737.5 110
1673892843016 19624.5 111
1673892843062 38697.0 112
1673892843094 19476.5 113
1673892843129 39040.0 114
1673892843165 39265.5 115
1673892843184 38837.5 116
1673892843231 19674.5 117
1673892843262 39324.0 118
1673892843299 38762.0 119
1673892843318 39184.0 120
1673892843369 39007.5 121
1673892843401 39263.5 122
1673892843433 39035.0 123
1673892843470 19665.5 124
1673892843507 19417.0 125
1673892843536 39213.0 126
1673892843569 19663.0 127
1673892843618 38828.0 128
1673892843650 39177.0 129
1673892843682 19739.5 130
1673892843713 19448.5 131
1673892843745 39432.5 132
1673892843794 39209.0 133
1673892843829 38850.5 134
1673892843851 19664.0 135
1673892843882 19510.5 136
1673892843929 19481.0 137
1673892843966 38777.5 138
1673892844003 38884.0 139
1673892844038 38867.0 140
1673892844081 39406.5 141
1673892844118 39244.5 142
1673892844155 39296.5 143
1673892844188 19603.0 144
1673892844230 19381.0 145
1673892844272 38684.0 146
1673892844322 58251.0 147
1673892844370 19454.0 148
1673892844406 19523.5 149
