1674057558710 6803356.0 0
1674057591019 6076503.0 1
1674057623638 4659731.0 2
1674057658300 1946574.0 3
1674057690714 2002052.0 4
1674057720042 2027796.0 5
1674057749285 2000356.0 6
1674057779579 1947054.0 7
1674057808572 1886886.0 8
1674057840786 1910074.0 9
1674057870266 1972626.0 10
1674057900584 1434932.0 11
1674057932362 1272472.0 12
1674057963959 1285076.0 13
1674057993595 1234648.0 14
1674058024994 1223676.0 15
1674058056243 1221328.0 16
1674058087509 1173504.0 17
1674058119939 1170396.0 18
1674058150723 1162292.0 19
1674058182239 1103704.0 20
1674058212104 1067132.0 21
1674058243577 1086568.0 22
1674058272426 1112012.0 23
1674058302073 1080476.0 24
1674058330966 1075784.0 25
1674058360197 1079560.0 26
1674058388987 1017936.0 27
1674058419579 1028668.0 28
1674058449868 1021324.0 29
1674058480969 1030936.0 30
1674058509490 994272.0 31
1674058540547 1020696.0 32
1674058569355 997360.0 33
1674058599070 987260.0 34
1674058630874 962764.0 35
1674058661581 962252.0 36
1674058692403 971392.0 37
1674058721161 953492.0 38
1674058751559 911544.0 39
1674058781879 930160.0 40
1674058811228 899312.0 41
1674058843262 449696.0 42
1674058875468 87280.0 43
1674058906222 88400.0 44
1674058936042 89056.0 45
1674058964464 89080.0 46
1674058993712 85128.0 47
1674059025893 86432.0 48
1674059055682 84712.0 49
1674059086871 82528.0 50
1674059116991 87616.0 51
1674059144969 85360.0 52
1674059174230 85064.0 53
1674059205669 85792.0 54
1674059221209 82568.0 55
1674059236318 82632.0 56
1674059251441 84088.0 57
1674059266526 81688.0 58
1674059282793 80152.0 59
1674059299090 78864.0 60
1674059315402 79744.0 61
1674059330464 81720.0 62
1674059345561 77272.0 63
1674059362116 77312.0 64
1674059377272 76400.0 65
1674059393479 77088.0 66
1674059408551 79360.0 67
1674059425575 77520.0 68
1674059441709 74520.0 69
1674059457850 73944.0 70
1674059474263 74984.0 71
1674059489254 74768.0 72
1674059504305 70056.0 73
1674059520407 71312.0 74
1674059535419 72240.0 75
1674059550637 74000.0 76
1674059565650 73096.0 77
1674059580626 72168.0 78
1674059595504 71024.0 79
1674059610457 70968.0 80
1674059625531 69248.0 81
1674059641624 68640.0 82
1674059657767 68192.0 83
1674059673836 68872.0 84
1674059688763 66456.0 85
1674059704853 67000.0 86
1674059719794 65936.0 87
1674059735894 66480.0 88
1674059751010 64800.0 89
1674059767030 64192.0 90
1674059783776 64048.0 91
1674059800008 64224.0 92
1674059814933 62560.0 93
1674059831010 63448.0 94
1674059845947 61280.0 95
1674059861951 60376.0 96
1674059878004 61352.0 97
1674059893028 61464.0 98
1674059907920 58968.0 99
1674059924053 57960.0 100
1674059940064 59296.0 101
1674059955012 56416.0 102
1674059970998 58656.0 103
1674059985857 57800.0 104
1674060000818 55504.0 105
1674060016803 55632.0 106
1674060031658 56728.0 107
1674060046543 52504.0 108
1674060062572 54328.0 109
1674060077404 53232.0 110
1674060092227 52360.0 111
1674060108209 52200.0 112
1674060124142 51496.0 113
1674060140085 49936.0 114
1674060156073 49160.0 115
1674060172080 50024.0 116
1674060186923 47704.0 117
1674060202871 48640.0 118
1674060217811 48440.0 119
1674060232589 46584.0 120
1674060248587 46544.0 121
1674060264487 44928.0 122
1674060280497 44128.0 123
1674060296447 44648.0 124
1674060311354 43240.0 125
1674060327254 43104.0 126
1674060343182 40048.0 127
1674060359218 40456.0 128
1674060374104 41072.0 129
1674060388943 39416.0 130
1674060404890 38720.0 131
1674060420848 39144.0 132
1674060435653 36664.0 133
1674060451574 36872.0 134
1674060466432 37056.0 135
1674060481932 35080.0 136
1674060498160 34312.0 137
1674060514220 33464.0 138
1674060530127 32560.0 139
1674060546518 32280.0 140
1674060562527 32976.0 141
1674060577399 33328.0 142
1674060592191 33096.0 143
1674060606982 33992.0 144
1674060621857 35640.0 145
1674060636625 37368.0 146
1674060651454 42760.0 147
1674060666294 51936.0 148
1674060681264 77432.0 149
