1673896270019 66980.703125 0
1673896270050 49112.7578125 1
1673896270081 41108.3203125 2
1673896270112 37446.296875 3
1673896270144 35361.703125 4
1673896270175 33831.03125 5
1673896270190 22035.96875 6
1673896270222 31004.0625 7
1673896270253 20805.03125 8
1673896270284 29462.34375 9
1673896270300 19654.875 10
1673896270331 28335.375 11
1673896270362 27824.8125 12
1673896270393 27363.28125 13
1673896270425 27243.78125 14
1673896270440 26634.40625 15
1673896270472 26766.5625 16
1673896270503 26486.9375 17
1673896270534 25703.25 18
1673896270550 25268.25 19
1673896270581 25011.0625 20
1673896270612 17343.4375 21
1673896270628 17110.1875 22
1673896270659 16729.375 23
1673896270690 16642.0 24
1673896270721 23980.8125 25
1673896270749 16788.875 26
1673896270780 24070.3125 27
1673896270812 23768.25 28
1673896270833 23449.0 29
1673896270858 23460.875 30
1673896270890 23334.5 31
1673896270921 23374.5625 32
1673896270936 23373.25 33
1673896270969 22898.8125 34
1673896270984 15836.125 35
1673896271016 15749.625 36
1673896271047 22920.0 37
1673896271078 22144.375 38
1673896271094 15505.3125 39
1673896271125 15299.625 40
1673896271156 15342.625 41
1673896271187 22035.75 42
1673896271203 22290.0 43
1673896271234 21806.5 44
1673896271250 22185.625 45
1673896271281 15113.375 46
1673896271312 22248.25 47
1673896271328 15298.0 48
1673896271359 14955.5 49
1673896271390 14898.5 50
1673896271422 21955.625 51
1673896271437 21667.625 52
1673896271469 21548.5 53
1673896271500 14910.0 54
1673896271515 14679.5 55
1673896271547 21072.75 56
1673896271562 21324.5 57
1673896271593 21035.625 58
1673896271625 21180.875 59
1673896271640 14495.0 60
1673896271672 14467.5 61
1673896271703 14543.125 62
1673896271718 14408.875 63
1673896271750 21068.75 64
1673896271781 14430.875 65
1673896271797 14511.875 66
1673896271828 14288.125 67
1673896271859 14313.875 68
1673896271875 14300.75 69
1673896271906 20784.0 70
1673896271922 14541.5 71
1673896271953 20882.5 72
1673896271984 14188.125 73
1673896272000 20695.25 74
1673896272031 20518.625 75
1673896272062 20867.875 76
1673896272093 20610.125 77
1673896272109 20368.0 78
1673896272140 20131.0 79
1673896272156 20216.25 80
1673896272187 20456.125 81
1673896272203 20216.25 82
1673896272234 13887.0 83
1673896272265 20063.375 84
1673896272281 20114.125 85
1673896272312 20222.125 86
1673896272328 13833.75 87
1673896272359 20266.75 88
1673896272390 20147.875 89
1673896272421 13884.5 90
1673896272437 13875.25 91
1673896272468 14027.75 92
1673896272484 19980.25 93
1673896272515 13745.5 94
1673896272531 19878.25 95
1673896272562 13890.0 96
1673896272593 20170.75 97
1673896272609 19430.875 98
1673896272640 13472.25 99
1673896272671 13487.75 100
1673896272687 13525.5 101
1673896272718 19272.5 102
1673896272734 13119.0 103
1673896272765 19147.5 104
1673896272796 19380.5 105
1673896272812 13172.5 106
1673896272843 13182.25 107
1673896272859 13170.25 108
1673896272890 19174.25 109
1673896272921 19195.5 110
1673896272953 18971.25 111
1673896272984 19018.0 112
1673896272999 13161.0 113
1673896273031 19015.75 114
1673896273046 18820.25 115
1673896273078 18675.0 116
1673896273109 18702.75 117
1673896273140 18700.25 118
1673896273156 19009.0 119
1673896273187 12967.5 120
1673896273218 18970.75 121
1673896273249 13009.5 122
1673896273265 13174.25 123
1673896273296 12869.0 124
1673896273327 18535.25 125
1673896273343 18832.5 126
1673896273374 12880.25 127
1673896273406 18674.75 128
1673896273421 18740.5 129
1673896273452 18900.0 130
1673896273484 18450.75 131
1673896273499 12603.25 132
1673896273531 18526.75 133
1673896273562 12994.0 134
1673896273577 18571.0 135
1673896273609 12676.75 136
1673896273624 12963.0 137
1673896273656 18215.5 138
1673896273687 12606.25 139
1673896273702 13033.75 140
1673896273729 12705.75 141
1673896273761 12701.75 142
1673896273792 18537.5 143
1673896273808 12661.0 144
1673896273839 18553.25 145
1673896273870 18420.5 146
1673896273886 18325.5 147
1673896273917 12659.5 148
1673896273948 18324.25 149
