1673940560423 4811345.5 0
1673940568160 3736824.5 1
1673940575817 4222110.0 2
1673940582321 4028602.0 3
1673940588883 1585136.0 4
1673940596507 1670048.0 5
1673940603036 1688858.0 6
1673940610999 1703526.0 7
1673940617880 1817902.0 8
1673940625088 1835964.0 9
1673940632850 1855556.0 10
1673940639462 1790900.0 11
1673940646012 1783834.0 12
1673940652468 1441866.0 13
1673940660160 899596.0 14
1673940667934 944672.0 15
1673940674555 947100.0 16
1673940682112 989840.0 17
1673940689092 935688.0 18
1673940695915 987756.0 19
1673940702342 978320.0 20
1673940708847 999280.0 21
1673940715256 1045164.0 22
1673940721719 1055660.0 23
1673940728138 1012688.0 24
1673940734553 1041120.0 25
1673940740962 1051664.0 26
1673940747348 1045520.0 27
1673940753755 1026824.0 28
1673940760172 1058244.0 29
1673940766635 1034488.0 30
1673940773067 1012520.0 31
1673940779465 1043896.0 32
1673940785960 1032564.0 33
1673940792397 1029012.0 34
1673940799677 997464.0 35
1673940807039 1046304.0 36
1673940813492 1028628.0 37
1673940819945 998136.0 38
1673940826356 1011124.0 39
