1673978078834 7218949.0 0
1673978089178 6844730.0 1
1673978099535 4132345.0 2
1673978109860 2667860.0 3
1673978120155 2712686.0 4
1673978129509 2695240.0 5
1673978138817 2723776.0 6
1673978148119 2729662.0 7
1673978157371 2579268.0 8
1673978167632 2318536.0 9
1673978177926 2333576.0 10
1673978187251 2323796.0 11
1673978196520 2333136.0 12
1673978205818 2355860.0 13
1673978215164 2408728.0 14
1673978224419 2341764.0 15
1673978233608 2318028.0 16
1673978243849 2289960.0 17
1673978254100 2284368.0 18
1673978264321 2286476.0 19
1673978273609 2305372.0 20
1673978282893 2296376.0 21
1673978292160 2361484.0 22
1673978301386 262936.0 23
1673978311683 18656.0 24
1673978321931 18216.0 25
1673978332151 17856.0 26
1673978342386 18152.0 27
1673978351618 18040.0 28
1673978360910 17864.0 29
1673978370203 17264.0 30
1673978380454 18776.0 31
1673978389725 18096.0 32
1673978398977 18808.0 33
1673978408255 18608.0 34
1673978417492 18200.0 35
1673978426664 18920.0 36
1673978435849 18784.0 37
1673978445064 18600.0 38
1673978454229 18976.0 39
1673978463466 18608.0 40
1673978472642 18840.0 41
1673978481863 18560.0 42
1673978491170 17944.0 43
1673978500360 18496.0 44
1673978509567 19176.0 45
1673978518774 19432.0 46
1673978527970 17760.0 47
1673978537206 18448.0 48
1673978546426 19400.0 49
1673978555684 19264.0 50
1673978564898 19888.0 51
1673978574082 19088.0 52
1673978583261 19656.0 53
1673978592436 18424.0 54
1673978601642 19104.0 55
